9.92616735063633e-24	-1.2166858673856e-08	-2.83893369056639e-08
9.92616735063633e-24	-4.05561955795199e-09	-2.83893369056639e-08
9.92616735063633e-24	4.05561955795199e-09	-2.83893369056639e-08
9.92616735063633e-24	1.2166858673856e-08	-2.83893369056639e-08
9.92616735063633e-24	-2.027809778976e-08	-2.027809778976e-08
9.92616735063633e-24	-1.2166858673856e-08	-2.027809778976e-08
9.92616735063633e-24	-4.05561955795199e-09	-2.027809778976e-08
9.92616735063633e-24	4.05561955795199e-09	-2.027809778976e-08
9.92616735063633e-24	1.2166858673856e-08	-2.027809778976e-08
9.92616735063633e-24	2.027809778976e-08	-2.027809778976e-08
9.92616735063633e-24	-2.83893369056639e-08	-1.2166858673856e-08
9.92616735063633e-24	-2.027809778976e-08	-1.2166858673856e-08
9.92616735063633e-24	-1.2166858673856e-08	-1.2166858673856e-08
9.92616735063633e-24	-4.05561955795199e-09	-1.2166858673856e-08
9.92616735063633e-24	4.05561955795199e-09	-1.2166858673856e-08
9.92616735063633e-24	1.2166858673856e-08	-1.2166858673856e-08
9.92616735063633e-24	2.027809778976e-08	-1.2166858673856e-08
9.92616735063633e-24	2.83893369056639e-08	-1.2166858673856e-08
9.92616735063633e-24	-2.83893369056639e-08	-4.05561955795199e-09
9.92616735063633e-24	-2.027809778976e-08	-4.05561955795199e-09
9.92616735063633e-24	-1.2166858673856e-08	-4.05561955795199e-09
9.92616735063633e-24	-4.05561955795199e-09	-4.05561955795199e-09
9.92616735063633e-24	4.05561955795199e-09	-4.05561955795199e-09
9.92616735063633e-24	1.2166858673856e-08	-4.05561955795199e-09
9.92616735063633e-24	2.027809778976e-08	-4.05561955795199e-09
9.92616735063633e-24	2.83893369056639e-08	-4.05561955795199e-09
9.92616735063633e-24	-2.83893369056639e-08	4.05561955795199e-09
9.92616735063633e-24	-2.027809778976e-08	4.05561955795199e-09
9.92616735063633e-24	-1.2166858673856e-08	4.05561955795199e-09
9.92616735063633e-24	-4.05561955795199e-09	4.05561955795199e-09
9.92616735063633e-24	4.05561955795199e-09	4.05561955795199e-09
9.92616735063633e-24	1.2166858673856e-08	4.05561955795199e-09
9.92616735063633e-24	2.027809778976e-08	4.05561955795199e-09
9.92616735063633e-24	2.83893369056639e-08	4.05561955795199e-09
9.92616735063633e-24	-2.83893369056639e-08	1.2166858673856e-08
9.92616735063633e-24	-2.027809778976e-08	1.2166858673856e-08
9.92616735063633e-24	-1.2166858673856e-08	1.2166858673856e-08
9.92616735063633e-24	-4.05561955795199e-09	1.2166858673856e-08
9.92616735063633e-24	4.05561955795199e-09	1.2166858673856e-08
9.92616735063633e-24	1.2166858673856e-08	1.2166858673856e-08
9.92616735063633e-24	2.027809778976e-08	1.2166858673856e-08
9.92616735063633e-24	2.83893369056639e-08	1.2166858673856e-08
9.92616735063633e-24	-2.027809778976e-08	2.027809778976e-08
9.92616735063633e-24	-1.2166858673856e-08	2.027809778976e-08
9.92616735063633e-24	-4.05561955795199e-09	2.027809778976e-08
9.92616735063633e-24	4.05561955795199e-09	2.027809778976e-08
9.92616735063633e-24	1.2166858673856e-08	2.027809778976e-08
9.92616735063633e-24	2.027809778976e-08	2.027809778976e-08
9.92616735063633e-24	-1.2166858673856e-08	2.83893369056639e-08
9.92616735063633e-24	-4.05561955795199e-09	2.83893369056639e-08
9.92616735063633e-24	4.05561955795199e-09	2.83893369056639e-08
9.92616735063633e-24	1.2166858673856e-08	2.83893369056639e-08
8.11123911590399e-09	-1.2166858673856e-08	-2.83893369056639e-08
8.11123911590399e-09	-4.05561955795199e-09	-2.83893369056639e-08
8.11123911590399e-09	4.05561955795199e-09	-2.83893369056639e-08
8.11123911590399e-09	1.2166858673856e-08	-2.83893369056639e-08
8.11123911590399e-09	-2.027809778976e-08	-2.027809778976e-08
8.11123911590399e-09	-1.2166858673856e-08	-2.027809778976e-08
8.11123911590399e-09	-4.05561955795199e-09	-2.027809778976e-08
8.11123911590399e-09	4.05561955795199e-09	-2.027809778976e-08
8.11123911590399e-09	1.2166858673856e-08	-2.027809778976e-08
8.11123911590399e-09	2.027809778976e-08	-2.027809778976e-08
8.11123911590399e-09	-2.83893369056639e-08	-1.2166858673856e-08
8.11123911590399e-09	-2.027809778976e-08	-1.2166858673856e-08
8.11123911590399e-09	-1.2166858673856e-08	-1.2166858673856e-08
8.11123911590399e-09	-4.05561955795199e-09	-1.2166858673856e-08
8.11123911590399e-09	4.05561955795199e-09	-1.2166858673856e-08
8.11123911590399e-09	1.2166858673856e-08	-1.2166858673856e-08
8.11123911590399e-09	2.027809778976e-08	-1.2166858673856e-08
8.11123911590399e-09	2.83893369056639e-08	-1.2166858673856e-08
8.11123911590399e-09	-2.83893369056639e-08	-4.05561955795199e-09
8.11123911590399e-09	-2.027809778976e-08	-4.05561955795199e-09
8.11123911590399e-09	-1.2166858673856e-08	-4.05561955795199e-09
8.11123911590399e-09	-4.05561955795199e-09	-4.05561955795199e-09
8.11123911590399e-09	4.05561955795199e-09	-4.05561955795199e-09
8.11123911590399e-09	1.2166858673856e-08	-4.05561955795199e-09
8.11123911590399e-09	2.027809778976e-08	-4.05561955795199e-09
8.11123911590399e-09	2.83893369056639e-08	-4.05561955795199e-09
8.11123911590399e-09	-2.83893369056639e-08	4.05561955795199e-09
8.11123911590399e-09	-2.027809778976e-08	4.05561955795199e-09
8.11123911590399e-09	-1.2166858673856e-08	4.05561955795199e-09
8.11123911590399e-09	-4.05561955795199e-09	4.05561955795199e-09
8.11123911590399e-09	4.05561955795199e-09	4.05561955795199e-09
8.11123911590399e-09	1.2166858673856e-08	4.05561955795199e-09
8.11123911590399e-09	2.027809778976e-08	4.05561955795199e-09
8.11123911590399e-09	2.83893369056639e-08	4.05561955795199e-09
8.11123911590399e-09	-2.83893369056639e-08	1.2166858673856e-08
8.11123911590399e-09	-2.027809778976e-08	1.2166858673856e-08
8.11123911590399e-09	-1.2166858673856e-08	1.2166858673856e-08
8.11123911590399e-09	-4.05561955795199e-09	1.2166858673856e-08
8.11123911590399e-09	4.05561955795199e-09	1.2166858673856e-08
8.11123911590399e-09	1.2166858673856e-08	1.2166858673856e-08
8.11123911590399e-09	2.027809778976e-08	1.2166858673856e-08
8.11123911590399e-09	2.83893369056639e-08	1.2166858673856e-08
8.11123911590399e-09	-2.027809778976e-08	2.027809778976e-08
8.11123911590399e-09	-1.2166858673856e-08	2.027809778976e-08
8.11123911590399e-09	-4.05561955795199e-09	2.027809778976e-08
8.11123911590399e-09	4.05561955795199e-09	2.027809778976e-08
8.11123911590399e-09	1.2166858673856e-08	2.027809778976e-08
8.11123911590399e-09	2.027809778976e-08	2.027809778976e-08
8.11123911590399e-09	-1.2166858673856e-08	2.83893369056639e-08
8.11123911590399e-09	-4.05561955795199e-09	2.83893369056639e-08
8.11123911590399e-09	4.05561955795199e-09	2.83893369056639e-08
8.11123911590399e-09	1.2166858673856e-08	2.83893369056639e-08
1.6222478231808e-08	-1.2166858673856e-08	-2.83893369056639e-08
1.6222478231808e-08	-4.05561955795199e-09	-2.83893369056639e-08
1.6222478231808e-08	4.05561955795199e-09	-2.83893369056639e-08
1.6222478231808e-08	1.2166858673856e-08	-2.83893369056639e-08
1.6222478231808e-08	-2.027809778976e-08	-2.027809778976e-08
1.6222478231808e-08	-1.2166858673856e-08	-2.027809778976e-08
1.6222478231808e-08	-4.05561955795199e-09	-2.027809778976e-08
1.6222478231808e-08	4.05561955795199e-09	-2.027809778976e-08
1.6222478231808e-08	1.2166858673856e-08	-2.027809778976e-08
1.6222478231808e-08	2.027809778976e-08	-2.027809778976e-08
1.6222478231808e-08	-2.83893369056639e-08	-1.2166858673856e-08
1.6222478231808e-08	-2.027809778976e-08	-1.2166858673856e-08
1.6222478231808e-08	-1.2166858673856e-08	-1.2166858673856e-08
1.6222478231808e-08	-4.05561955795199e-09	-1.2166858673856e-08
1.6222478231808e-08	4.05561955795199e-09	-1.2166858673856e-08
1.6222478231808e-08	1.2166858673856e-08	-1.2166858673856e-08
1.6222478231808e-08	2.027809778976e-08	-1.2166858673856e-08
1.6222478231808e-08	2.83893369056639e-08	-1.2166858673856e-08
1.6222478231808e-08	-2.83893369056639e-08	-4.05561955795199e-09
1.6222478231808e-08	-2.027809778976e-08	-4.05561955795199e-09
1.6222478231808e-08	-1.2166858673856e-08	-4.05561955795199e-09
1.6222478231808e-08	-4.05561955795199e-09	-4.05561955795199e-09
1.6222478231808e-08	4.05561955795199e-09	-4.05561955795199e-09
1.6222478231808e-08	1.2166858673856e-08	-4.05561955795199e-09
1.6222478231808e-08	2.027809778976e-08	-4.05561955795199e-09
1.6222478231808e-08	2.83893369056639e-08	-4.05561955795199e-09
1.6222478231808e-08	-2.83893369056639e-08	4.05561955795199e-09
1.6222478231808e-08	-2.027809778976e-08	4.05561955795199e-09
1.6222478231808e-08	-1.2166858673856e-08	4.05561955795199e-09
1.6222478231808e-08	-4.05561955795199e-09	4.05561955795199e-09
1.6222478231808e-08	4.05561955795199e-09	4.05561955795199e-09
1.6222478231808e-08	1.2166858673856e-08	4.05561955795199e-09
1.6222478231808e-08	2.027809778976e-08	4.05561955795199e-09
1.6222478231808e-08	2.83893369056639e-08	4.05561955795199e-09
1.6222478231808e-08	-2.83893369056639e-08	1.2166858673856e-08
1.6222478231808e-08	-2.027809778976e-08	1.2166858673856e-08
1.6222478231808e-08	-1.2166858673856e-08	1.2166858673856e-08
1.6222478231808e-08	-4.05561955795199e-09	1.2166858673856e-08
1.6222478231808e-08	4.05561955795199e-09	1.2166858673856e-08
1.6222478231808e-08	1.2166858673856e-08	1.2166858673856e-08
1.6222478231808e-08	2.027809778976e-08	1.2166858673856e-08
1.6222478231808e-08	2.83893369056639e-08	1.2166858673856e-08
1.6222478231808e-08	-2.027809778976e-08	2.027809778976e-08
1.6222478231808e-08	-1.2166858673856e-08	2.027809778976e-08
1.6222478231808e-08	-4.05561955795199e-09	2.027809778976e-08
1.6222478231808e-08	4.05561955795199e-09	2.027809778976e-08
1.6222478231808e-08	1.2166858673856e-08	2.027809778976e-08
1.6222478231808e-08	2.027809778976e-08	2.027809778976e-08
1.6222478231808e-08	-1.2166858673856e-08	2.83893369056639e-08
1.6222478231808e-08	-4.05561955795199e-09	2.83893369056639e-08
1.6222478231808e-08	4.05561955795199e-09	2.83893369056639e-08
1.6222478231808e-08	1.2166858673856e-08	2.83893369056639e-08
2.4333717347712e-08	-1.2166858673856e-08	-2.83893369056639e-08
2.4333717347712e-08	-4.05561955795199e-09	-2.83893369056639e-08
2.4333717347712e-08	4.05561955795199e-09	-2.83893369056639e-08
2.4333717347712e-08	1.2166858673856e-08	-2.83893369056639e-08
2.4333717347712e-08	-2.027809778976e-08	-2.027809778976e-08
2.4333717347712e-08	-1.2166858673856e-08	-2.027809778976e-08
2.4333717347712e-08	-4.05561955795199e-09	-2.027809778976e-08
2.4333717347712e-08	4.05561955795199e-09	-2.027809778976e-08
2.4333717347712e-08	1.2166858673856e-08	-2.027809778976e-08
2.4333717347712e-08	2.027809778976e-08	-2.027809778976e-08
2.4333717347712e-08	-2.83893369056639e-08	-1.2166858673856e-08
2.4333717347712e-08	-2.027809778976e-08	-1.2166858673856e-08
2.4333717347712e-08	-1.2166858673856e-08	-1.2166858673856e-08
2.4333717347712e-08	-4.05561955795199e-09	-1.2166858673856e-08
2.4333717347712e-08	4.05561955795199e-09	-1.2166858673856e-08
2.4333717347712e-08	1.2166858673856e-08	-1.2166858673856e-08
2.4333717347712e-08	2.027809778976e-08	-1.2166858673856e-08
2.4333717347712e-08	2.83893369056639e-08	-1.2166858673856e-08
2.4333717347712e-08	-2.83893369056639e-08	-4.05561955795199e-09
2.4333717347712e-08	-2.027809778976e-08	-4.05561955795199e-09
2.4333717347712e-08	-1.2166858673856e-08	-4.05561955795199e-09
2.4333717347712e-08	-4.05561955795199e-09	-4.05561955795199e-09
2.4333717347712e-08	4.05561955795199e-09	-4.05561955795199e-09
2.4333717347712e-08	1.2166858673856e-08	-4.05561955795199e-09
2.4333717347712e-08	2.027809778976e-08	-4.05561955795199e-09
2.4333717347712e-08	2.83893369056639e-08	-4.05561955795199e-09
2.4333717347712e-08	-2.83893369056639e-08	4.05561955795199e-09
2.4333717347712e-08	-2.027809778976e-08	4.05561955795199e-09
2.4333717347712e-08	-1.2166858673856e-08	4.05561955795199e-09
2.4333717347712e-08	-4.05561955795199e-09	4.05561955795199e-09
2.4333717347712e-08	4.05561955795199e-09	4.05561955795199e-09
2.4333717347712e-08	1.2166858673856e-08	4.05561955795199e-09
2.4333717347712e-08	2.027809778976e-08	4.05561955795199e-09
2.4333717347712e-08	2.83893369056639e-08	4.05561955795199e-09
2.4333717347712e-08	-2.83893369056639e-08	1.2166858673856e-08
2.4333717347712e-08	-2.027809778976e-08	1.2166858673856e-08
2.4333717347712e-08	-1.2166858673856e-08	1.2166858673856e-08
2.4333717347712e-08	-4.05561955795199e-09	1.2166858673856e-08
2.4333717347712e-08	4.05561955795199e-09	1.2166858673856e-08
2.4333717347712e-08	1.2166858673856e-08	1.2166858673856e-08
2.4333717347712e-08	2.027809778976e-08	1.2166858673856e-08
2.4333717347712e-08	2.83893369056639e-08	1.2166858673856e-08
2.4333717347712e-08	-2.027809778976e-08	2.027809778976e-08
2.4333717347712e-08	-1.2166858673856e-08	2.027809778976e-08
2.4333717347712e-08	-4.05561955795199e-09	2.027809778976e-08
2.4333717347712e-08	4.05561955795199e-09	2.027809778976e-08
2.4333717347712e-08	1.2166858673856e-08	2.027809778976e-08
2.4333717347712e-08	2.027809778976e-08	2.027809778976e-08
2.4333717347712e-08	-1.2166858673856e-08	2.83893369056639e-08
2.4333717347712e-08	-4.05561955795199e-09	2.83893369056639e-08
2.4333717347712e-08	4.05561955795199e-09	2.83893369056639e-08
2.4333717347712e-08	1.2166858673856e-08	2.83893369056639e-08
3.24449564636159e-08	-1.2166858673856e-08	-2.83893369056639e-08
3.24449564636159e-08	-4.05561955795199e-09	-2.83893369056639e-08
3.24449564636159e-08	4.05561955795199e-09	-2.83893369056639e-08
3.24449564636159e-08	1.2166858673856e-08	-2.83893369056639e-08
3.24449564636159e-08	-2.027809778976e-08	-2.027809778976e-08
3.24449564636159e-08	-1.2166858673856e-08	-2.027809778976e-08
3.24449564636159e-08	-4.05561955795199e-09	-2.027809778976e-08
3.24449564636159e-08	4.05561955795199e-09	-2.027809778976e-08
3.24449564636159e-08	1.2166858673856e-08	-2.027809778976e-08
3.24449564636159e-08	2.027809778976e-08	-2.027809778976e-08
3.24449564636159e-08	-2.83893369056639e-08	-1.2166858673856e-08
3.24449564636159e-08	-2.027809778976e-08	-1.2166858673856e-08
3.24449564636159e-08	-1.2166858673856e-08	-1.2166858673856e-08
3.24449564636159e-08	-4.05561955795199e-09	-1.2166858673856e-08
3.24449564636159e-08	4.05561955795199e-09	-1.2166858673856e-08
3.24449564636159e-08	1.2166858673856e-08	-1.2166858673856e-08
3.24449564636159e-08	2.027809778976e-08	-1.2166858673856e-08
3.24449564636159e-08	2.83893369056639e-08	-1.2166858673856e-08
3.24449564636159e-08	-2.83893369056639e-08	-4.05561955795199e-09
3.24449564636159e-08	-2.027809778976e-08	-4.05561955795199e-09
3.24449564636159e-08	-1.2166858673856e-08	-4.05561955795199e-09
3.24449564636159e-08	-4.05561955795199e-09	-4.05561955795199e-09
3.24449564636159e-08	4.05561955795199e-09	-4.05561955795199e-09
3.24449564636159e-08	1.2166858673856e-08	-4.05561955795199e-09
3.24449564636159e-08	2.027809778976e-08	-4.05561955795199e-09
3.24449564636159e-08	2.83893369056639e-08	-4.05561955795199e-09
3.24449564636159e-08	-2.83893369056639e-08	4.05561955795199e-09
3.24449564636159e-08	-2.027809778976e-08	4.05561955795199e-09
3.24449564636159e-08	-1.2166858673856e-08	4.05561955795199e-09
3.24449564636159e-08	-4.05561955795199e-09	4.05561955795199e-09
3.24449564636159e-08	4.05561955795199e-09	4.05561955795199e-09
3.24449564636159e-08	1.2166858673856e-08	4.05561955795199e-09
3.24449564636159e-08	2.027809778976e-08	4.05561955795199e-09
3.24449564636159e-08	2.83893369056639e-08	4.05561955795199e-09
3.24449564636159e-08	-2.83893369056639e-08	1.2166858673856e-08
3.24449564636159e-08	-2.027809778976e-08	1.2166858673856e-08
3.24449564636159e-08	-1.2166858673856e-08	1.2166858673856e-08
3.24449564636159e-08	-4.05561955795199e-09	1.2166858673856e-08
3.24449564636159e-08	4.05561955795199e-09	1.2166858673856e-08
3.24449564636159e-08	1.2166858673856e-08	1.2166858673856e-08
3.24449564636159e-08	2.027809778976e-08	1.2166858673856e-08
3.24449564636159e-08	2.83893369056639e-08	1.2166858673856e-08
3.24449564636159e-08	-2.027809778976e-08	2.027809778976e-08
3.24449564636159e-08	-1.2166858673856e-08	2.027809778976e-08
3.24449564636159e-08	-4.05561955795199e-09	2.027809778976e-08
3.24449564636159e-08	4.05561955795199e-09	2.027809778976e-08
3.24449564636159e-08	1.2166858673856e-08	2.027809778976e-08
3.24449564636159e-08	2.027809778976e-08	2.027809778976e-08
3.24449564636159e-08	-1.2166858673856e-08	2.83893369056639e-08
3.24449564636159e-08	-4.05561955795199e-09	2.83893369056639e-08
3.24449564636159e-08	4.05561955795199e-09	2.83893369056639e-08
3.24449564636159e-08	1.2166858673856e-08	2.83893369056639e-08
4.05561955795199e-08	-1.2166858673856e-08	-2.83893369056639e-08
4.05561955795199e-08	-4.05561955795199e-09	-2.83893369056639e-08
4.05561955795199e-08	4.05561955795199e-09	-2.83893369056639e-08
4.05561955795199e-08	1.2166858673856e-08	-2.83893369056639e-08
4.05561955795199e-08	-2.027809778976e-08	-2.027809778976e-08
4.05561955795199e-08	-1.2166858673856e-08	-2.027809778976e-08
4.05561955795199e-08	-4.05561955795199e-09	-2.027809778976e-08
4.05561955795199e-08	4.05561955795199e-09	-2.027809778976e-08
4.05561955795199e-08	1.2166858673856e-08	-2.027809778976e-08
4.05561955795199e-08	2.027809778976e-08	-2.027809778976e-08
4.05561955795199e-08	-2.83893369056639e-08	-1.2166858673856e-08
4.05561955795199e-08	-2.027809778976e-08	-1.2166858673856e-08
4.05561955795199e-08	-1.2166858673856e-08	-1.2166858673856e-08
4.05561955795199e-08	-4.05561955795199e-09	-1.2166858673856e-08
4.05561955795199e-08	4.05561955795199e-09	-1.2166858673856e-08
4.05561955795199e-08	1.2166858673856e-08	-1.2166858673856e-08
4.05561955795199e-08	2.027809778976e-08	-1.2166858673856e-08
4.05561955795199e-08	2.83893369056639e-08	-1.2166858673856e-08
4.05561955795199e-08	-2.83893369056639e-08	-4.05561955795199e-09
4.05561955795199e-08	-2.027809778976e-08	-4.05561955795199e-09
4.05561955795199e-08	-1.2166858673856e-08	-4.05561955795199e-09
4.05561955795199e-08	-4.05561955795199e-09	-4.05561955795199e-09
4.05561955795199e-08	4.05561955795199e-09	-4.05561955795199e-09
4.05561955795199e-08	1.2166858673856e-08	-4.05561955795199e-09
4.05561955795199e-08	2.027809778976e-08	-4.05561955795199e-09
4.05561955795199e-08	2.83893369056639e-08	-4.05561955795199e-09
4.05561955795199e-08	-2.83893369056639e-08	4.05561955795199e-09
4.05561955795199e-08	-2.027809778976e-08	4.05561955795199e-09
4.05561955795199e-08	-1.2166858673856e-08	4.05561955795199e-09
4.05561955795199e-08	-4.05561955795199e-09	4.05561955795199e-09
4.05561955795199e-08	4.05561955795199e-09	4.05561955795199e-09
4.05561955795199e-08	1.2166858673856e-08	4.05561955795199e-09
4.05561955795199e-08	2.027809778976e-08	4.05561955795199e-09
4.05561955795199e-08	2.83893369056639e-08	4.05561955795199e-09
4.05561955795199e-08	-2.83893369056639e-08	1.2166858673856e-08
4.05561955795199e-08	-2.027809778976e-08	1.2166858673856e-08
4.05561955795199e-08	-1.2166858673856e-08	1.2166858673856e-08
4.05561955795199e-08	-4.05561955795199e-09	1.2166858673856e-08
4.05561955795199e-08	4.05561955795199e-09	1.2166858673856e-08
4.05561955795199e-08	1.2166858673856e-08	1.2166858673856e-08
4.05561955795199e-08	2.027809778976e-08	1.2166858673856e-08
4.05561955795199e-08	2.83893369056639e-08	1.2166858673856e-08
4.05561955795199e-08	-2.027809778976e-08	2.027809778976e-08
4.05561955795199e-08	-1.2166858673856e-08	2.027809778976e-08
4.05561955795199e-08	-4.05561955795199e-09	2.027809778976e-08
4.05561955795199e-08	4.05561955795199e-09	2.027809778976e-08
4.05561955795199e-08	1.2166858673856e-08	2.027809778976e-08
4.05561955795199e-08	2.027809778976e-08	2.027809778976e-08
4.05561955795199e-08	-1.2166858673856e-08	2.83893369056639e-08
4.05561955795199e-08	-4.05561955795199e-09	2.83893369056639e-08
4.05561955795199e-08	4.05561955795199e-09	2.83893369056639e-08
4.05561955795199e-08	1.2166858673856e-08	2.83893369056639e-08
4.86674346954239e-08	-1.2166858673856e-08	-2.83893369056639e-08
4.86674346954239e-08	-4.05561955795199e-09	-2.83893369056639e-08
4.86674346954239e-08	4.05561955795199e-09	-2.83893369056639e-08
4.86674346954239e-08	1.2166858673856e-08	-2.83893369056639e-08
4.86674346954239e-08	-2.027809778976e-08	-2.027809778976e-08
4.86674346954239e-08	-1.2166858673856e-08	-2.027809778976e-08
4.86674346954239e-08	-4.05561955795199e-09	-2.027809778976e-08
4.86674346954239e-08	4.05561955795199e-09	-2.027809778976e-08
4.86674346954239e-08	1.2166858673856e-08	-2.027809778976e-08
4.86674346954239e-08	2.027809778976e-08	-2.027809778976e-08
4.86674346954239e-08	-2.83893369056639e-08	-1.2166858673856e-08
4.86674346954239e-08	-2.027809778976e-08	-1.2166858673856e-08
4.86674346954239e-08	-1.2166858673856e-08	-1.2166858673856e-08
4.86674346954239e-08	-4.05561955795199e-09	-1.2166858673856e-08
4.86674346954239e-08	4.05561955795199e-09	-1.2166858673856e-08
4.86674346954239e-08	1.2166858673856e-08	-1.2166858673856e-08
4.86674346954239e-08	2.027809778976e-08	-1.2166858673856e-08
4.86674346954239e-08	2.83893369056639e-08	-1.2166858673856e-08
4.86674346954239e-08	-2.83893369056639e-08	-4.05561955795199e-09
4.86674346954239e-08	-2.027809778976e-08	-4.05561955795199e-09
4.86674346954239e-08	-1.2166858673856e-08	-4.05561955795199e-09
4.86674346954239e-08	-4.05561955795199e-09	-4.05561955795199e-09
4.86674346954239e-08	4.05561955795199e-09	-4.05561955795199e-09
4.86674346954239e-08	1.2166858673856e-08	-4.05561955795199e-09
4.86674346954239e-08	2.027809778976e-08	-4.05561955795199e-09
4.86674346954239e-08	2.83893369056639e-08	-4.05561955795199e-09
4.86674346954239e-08	-2.83893369056639e-08	4.05561955795199e-09
4.86674346954239e-08	-2.027809778976e-08	4.05561955795199e-09
4.86674346954239e-08	-1.2166858673856e-08	4.05561955795199e-09
4.86674346954239e-08	-4.05561955795199e-09	4.05561955795199e-09
4.86674346954239e-08	4.05561955795199e-09	4.05561955795199e-09
4.86674346954239e-08	1.2166858673856e-08	4.05561955795199e-09
4.86674346954239e-08	2.027809778976e-08	4.05561955795199e-09
4.86674346954239e-08	2.83893369056639e-08	4.05561955795199e-09
4.86674346954239e-08	-2.83893369056639e-08	1.2166858673856e-08
4.86674346954239e-08	-2.027809778976e-08	1.2166858673856e-08
4.86674346954239e-08	-1.2166858673856e-08	1.2166858673856e-08
4.86674346954239e-08	-4.05561955795199e-09	1.2166858673856e-08
4.86674346954239e-08	4.05561955795199e-09	1.2166858673856e-08
4.86674346954239e-08	1.2166858673856e-08	1.2166858673856e-08
4.86674346954239e-08	2.027809778976e-08	1.2166858673856e-08
4.86674346954239e-08	2.83893369056639e-08	1.2166858673856e-08
4.86674346954239e-08	-2.027809778976e-08	2.027809778976e-08
4.86674346954239e-08	-1.2166858673856e-08	2.027809778976e-08
4.86674346954239e-08	-4.05561955795199e-09	2.027809778976e-08
4.86674346954239e-08	4.05561955795199e-09	2.027809778976e-08
4.86674346954239e-08	1.2166858673856e-08	2.027809778976e-08
4.86674346954239e-08	2.027809778976e-08	2.027809778976e-08
4.86674346954239e-08	-1.2166858673856e-08	2.83893369056639e-08
4.86674346954239e-08	-4.05561955795199e-09	2.83893369056639e-08
4.86674346954239e-08	4.05561955795199e-09	2.83893369056639e-08
4.86674346954239e-08	1.2166858673856e-08	2.83893369056639e-08
5.67786738113279e-08	-1.2166858673856e-08	-2.83893369056639e-08
5.67786738113279e-08	-4.05561955795199e-09	-2.83893369056639e-08
5.67786738113279e-08	4.05561955795199e-09	-2.83893369056639e-08
5.67786738113279e-08	1.2166858673856e-08	-2.83893369056639e-08
5.67786738113279e-08	-2.027809778976e-08	-2.027809778976e-08
5.67786738113279e-08	-1.2166858673856e-08	-2.027809778976e-08
5.67786738113279e-08	-4.05561955795199e-09	-2.027809778976e-08
5.67786738113279e-08	4.05561955795199e-09	-2.027809778976e-08
5.67786738113279e-08	1.2166858673856e-08	-2.027809778976e-08
5.67786738113279e-08	2.027809778976e-08	-2.027809778976e-08
5.67786738113279e-08	-2.83893369056639e-08	-1.2166858673856e-08
5.67786738113279e-08	-2.027809778976e-08	-1.2166858673856e-08
5.67786738113279e-08	-1.2166858673856e-08	-1.2166858673856e-08
5.67786738113279e-08	-4.05561955795199e-09	-1.2166858673856e-08
5.67786738113279e-08	4.05561955795199e-09	-1.2166858673856e-08
5.67786738113279e-08	1.2166858673856e-08	-1.2166858673856e-08
5.67786738113279e-08	2.027809778976e-08	-1.2166858673856e-08
5.67786738113279e-08	2.83893369056639e-08	-1.2166858673856e-08
5.67786738113279e-08	-2.83893369056639e-08	-4.05561955795199e-09
5.67786738113279e-08	-2.027809778976e-08	-4.05561955795199e-09
5.67786738113279e-08	-1.2166858673856e-08	-4.05561955795199e-09
5.67786738113279e-08	-4.05561955795199e-09	-4.05561955795199e-09
5.67786738113279e-08	4.05561955795199e-09	-4.05561955795199e-09
5.67786738113279e-08	1.2166858673856e-08	-4.05561955795199e-09
5.67786738113279e-08	2.027809778976e-08	-4.05561955795199e-09
5.67786738113279e-08	2.83893369056639e-08	-4.05561955795199e-09
5.67786738113279e-08	-2.83893369056639e-08	4.05561955795199e-09
5.67786738113279e-08	-2.027809778976e-08	4.05561955795199e-09
5.67786738113279e-08	-1.2166858673856e-08	4.05561955795199e-09
5.67786738113279e-08	-4.05561955795199e-09	4.05561955795199e-09
5.67786738113279e-08	4.05561955795199e-09	4.05561955795199e-09
5.67786738113279e-08	1.2166858673856e-08	4.05561955795199e-09
5.67786738113279e-08	2.027809778976e-08	4.05561955795199e-09
5.67786738113279e-08	2.83893369056639e-08	4.05561955795199e-09
5.67786738113279e-08	-2.83893369056639e-08	1.2166858673856e-08
5.67786738113279e-08	-2.027809778976e-08	1.2166858673856e-08
5.67786738113279e-08	-1.2166858673856e-08	1.2166858673856e-08
5.67786738113279e-08	-4.05561955795199e-09	1.2166858673856e-08
5.67786738113279e-08	4.05561955795199e-09	1.2166858673856e-08
5.67786738113279e-08	1.2166858673856e-08	1.2166858673856e-08
5.67786738113279e-08	2.027809778976e-08	1.2166858673856e-08
5.67786738113279e-08	2.83893369056639e-08	1.2166858673856e-08
5.67786738113279e-08	-2.027809778976e-08	2.027809778976e-08
5.67786738113279e-08	-1.2166858673856e-08	2.027809778976e-08
5.67786738113279e-08	-4.05561955795199e-09	2.027809778976e-08
5.67786738113279e-08	4.05561955795199e-09	2.027809778976e-08
5.67786738113279e-08	1.2166858673856e-08	2.027809778976e-08
5.67786738113279e-08	2.027809778976e-08	2.027809778976e-08
5.67786738113279e-08	-1.2166858673856e-08	2.83893369056639e-08
5.67786738113279e-08	-4.05561955795199e-09	2.83893369056639e-08
5.67786738113279e-08	4.05561955795199e-09	2.83893369056639e-08
5.67786738113279e-08	1.2166858673856e-08	2.83893369056639e-08
6.48899129272319e-08	-1.2166858673856e-08	-2.83893369056639e-08
6.48899129272319e-08	-4.05561955795199e-09	-2.83893369056639e-08
6.48899129272319e-08	4.05561955795199e-09	-2.83893369056639e-08
6.48899129272319e-08	1.2166858673856e-08	-2.83893369056639e-08
6.48899129272319e-08	-2.027809778976e-08	-2.027809778976e-08
6.48899129272319e-08	-1.2166858673856e-08	-2.027809778976e-08
6.48899129272319e-08	-4.05561955795199e-09	-2.027809778976e-08
6.48899129272319e-08	4.05561955795199e-09	-2.027809778976e-08
6.48899129272319e-08	1.2166858673856e-08	-2.027809778976e-08
6.48899129272319e-08	2.027809778976e-08	-2.027809778976e-08
6.48899129272319e-08	-2.83893369056639e-08	-1.2166858673856e-08
6.48899129272319e-08	-2.027809778976e-08	-1.2166858673856e-08
6.48899129272319e-08	-1.2166858673856e-08	-1.2166858673856e-08
6.48899129272319e-08	-4.05561955795199e-09	-1.2166858673856e-08
6.48899129272319e-08	4.05561955795199e-09	-1.2166858673856e-08
6.48899129272319e-08	1.2166858673856e-08	-1.2166858673856e-08
6.48899129272319e-08	2.027809778976e-08	-1.2166858673856e-08
6.48899129272319e-08	2.83893369056639e-08	-1.2166858673856e-08
6.48899129272319e-08	-2.83893369056639e-08	-4.05561955795199e-09
6.48899129272319e-08	-2.027809778976e-08	-4.05561955795199e-09
6.48899129272319e-08	-1.2166858673856e-08	-4.05561955795199e-09
6.48899129272319e-08	-4.05561955795199e-09	-4.05561955795199e-09
6.48899129272319e-08	4.05561955795199e-09	-4.05561955795199e-09
6.48899129272319e-08	1.2166858673856e-08	-4.05561955795199e-09
6.48899129272319e-08	2.027809778976e-08	-4.05561955795199e-09
6.48899129272319e-08	2.83893369056639e-08	-4.05561955795199e-09
6.48899129272319e-08	-2.83893369056639e-08	4.05561955795199e-09
6.48899129272319e-08	-2.027809778976e-08	4.05561955795199e-09
6.48899129272319e-08	-1.2166858673856e-08	4.05561955795199e-09
6.48899129272319e-08	-4.05561955795199e-09	4.05561955795199e-09
6.48899129272319e-08	4.05561955795199e-09	4.05561955795199e-09
6.48899129272319e-08	1.2166858673856e-08	4.05561955795199e-09
6.48899129272319e-08	2.027809778976e-08	4.05561955795199e-09
6.48899129272319e-08	2.83893369056639e-08	4.05561955795199e-09
6.48899129272319e-08	-2.83893369056639e-08	1.2166858673856e-08
6.48899129272319e-08	-2.027809778976e-08	1.2166858673856e-08
6.48899129272319e-08	-1.2166858673856e-08	1.2166858673856e-08
6.48899129272319e-08	-4.05561955795199e-09	1.2166858673856e-08
6.48899129272319e-08	4.05561955795199e-09	1.2166858673856e-08
6.48899129272319e-08	1.2166858673856e-08	1.2166858673856e-08
6.48899129272319e-08	2.027809778976e-08	1.2166858673856e-08
6.48899129272319e-08	2.83893369056639e-08	1.2166858673856e-08
6.48899129272319e-08	-2.027809778976e-08	2.027809778976e-08
6.48899129272319e-08	-1.2166858673856e-08	2.027809778976e-08
6.48899129272319e-08	-4.05561955795199e-09	2.027809778976e-08
6.48899129272319e-08	4.05561955795199e-09	2.027809778976e-08
6.48899129272319e-08	1.2166858673856e-08	2.027809778976e-08
6.48899129272319e-08	2.027809778976e-08	2.027809778976e-08
6.48899129272319e-08	-1.2166858673856e-08	2.83893369056639e-08
6.48899129272319e-08	-4.05561955795199e-09	2.83893369056639e-08
6.48899129272319e-08	4.05561955795199e-09	2.83893369056639e-08
6.48899129272319e-08	1.2166858673856e-08	2.83893369056639e-08
7.30011520431359e-08	-1.2166858673856e-08	-2.83893369056639e-08
7.30011520431359e-08	-4.05561955795199e-09	-2.83893369056639e-08
7.30011520431359e-08	4.05561955795199e-09	-2.83893369056639e-08
7.30011520431359e-08	1.2166858673856e-08	-2.83893369056639e-08
7.30011520431359e-08	-2.027809778976e-08	-2.027809778976e-08
7.30011520431359e-08	-1.2166858673856e-08	-2.027809778976e-08
7.30011520431359e-08	-4.05561955795199e-09	-2.027809778976e-08
7.30011520431359e-08	4.05561955795199e-09	-2.027809778976e-08
7.30011520431359e-08	1.2166858673856e-08	-2.027809778976e-08
7.30011520431359e-08	2.027809778976e-08	-2.027809778976e-08
7.30011520431359e-08	-2.83893369056639e-08	-1.2166858673856e-08
7.30011520431359e-08	-2.027809778976e-08	-1.2166858673856e-08
7.30011520431359e-08	-1.2166858673856e-08	-1.2166858673856e-08
7.30011520431359e-08	-4.05561955795199e-09	-1.2166858673856e-08
7.30011520431359e-08	4.05561955795199e-09	-1.2166858673856e-08
7.30011520431359e-08	1.2166858673856e-08	-1.2166858673856e-08
7.30011520431359e-08	2.027809778976e-08	-1.2166858673856e-08
7.30011520431359e-08	2.83893369056639e-08	-1.2166858673856e-08
7.30011520431359e-08	-2.83893369056639e-08	-4.05561955795199e-09
7.30011520431359e-08	-2.027809778976e-08	-4.05561955795199e-09
7.30011520431359e-08	-1.2166858673856e-08	-4.05561955795199e-09
7.30011520431359e-08	-4.05561955795199e-09	-4.05561955795199e-09
7.30011520431359e-08	4.05561955795199e-09	-4.05561955795199e-09
7.30011520431359e-08	1.2166858673856e-08	-4.05561955795199e-09
7.30011520431359e-08	2.027809778976e-08	-4.05561955795199e-09
7.30011520431359e-08	2.83893369056639e-08	-4.05561955795199e-09
7.30011520431359e-08	-2.83893369056639e-08	4.05561955795199e-09
7.30011520431359e-08	-2.027809778976e-08	4.05561955795199e-09
7.30011520431359e-08	-1.2166858673856e-08	4.05561955795199e-09
7.30011520431359e-08	-4.05561955795199e-09	4.05561955795199e-09
7.30011520431359e-08	4.05561955795199e-09	4.05561955795199e-09
7.30011520431359e-08	1.2166858673856e-08	4.05561955795199e-09
7.30011520431359e-08	2.027809778976e-08	4.05561955795199e-09
7.30011520431359e-08	2.83893369056639e-08	4.05561955795199e-09
7.30011520431359e-08	-2.83893369056639e-08	1.2166858673856e-08
7.30011520431359e-08	-2.027809778976e-08	1.2166858673856e-08
7.30011520431359e-08	-1.2166858673856e-08	1.2166858673856e-08
7.30011520431359e-08	-4.05561955795199e-09	1.2166858673856e-08
7.30011520431359e-08	4.05561955795199e-09	1.2166858673856e-08
7.30011520431359e-08	1.2166858673856e-08	1.2166858673856e-08
7.30011520431359e-08	2.027809778976e-08	1.2166858673856e-08
7.30011520431359e-08	2.83893369056639e-08	1.2166858673856e-08
7.30011520431359e-08	-2.027809778976e-08	2.027809778976e-08
7.30011520431359e-08	-1.2166858673856e-08	2.027809778976e-08
7.30011520431359e-08	-4.05561955795199e-09	2.027809778976e-08
7.30011520431359e-08	4.05561955795199e-09	2.027809778976e-08
7.30011520431359e-08	1.2166858673856e-08	2.027809778976e-08
7.30011520431359e-08	2.027809778976e-08	2.027809778976e-08
7.30011520431359e-08	-1.2166858673856e-08	2.83893369056639e-08
7.30011520431359e-08	-4.05561955795199e-09	2.83893369056639e-08
7.30011520431359e-08	4.05561955795199e-09	2.83893369056639e-08
7.30011520431359e-08	1.2166858673856e-08	2.83893369056639e-08
8.11123911590399e-08	-1.2166858673856e-08	-2.83893369056639e-08
8.11123911590399e-08	-4.05561955795199e-09	-2.83893369056639e-08
8.11123911590399e-08	4.05561955795199e-09	-2.83893369056639e-08
8.11123911590399e-08	1.2166858673856e-08	-2.83893369056639e-08
8.11123911590399e-08	-2.027809778976e-08	-2.027809778976e-08
8.11123911590399e-08	-1.2166858673856e-08	-2.027809778976e-08
8.11123911590399e-08	-4.05561955795199e-09	-2.027809778976e-08
8.11123911590399e-08	4.05561955795199e-09	-2.027809778976e-08
8.11123911590399e-08	1.2166858673856e-08	-2.027809778976e-08
8.11123911590399e-08	2.027809778976e-08	-2.027809778976e-08
8.11123911590399e-08	-2.83893369056639e-08	-1.2166858673856e-08
8.11123911590399e-08	-2.027809778976e-08	-1.2166858673856e-08
8.11123911590399e-08	-1.2166858673856e-08	-1.2166858673856e-08
8.11123911590399e-08	-4.05561955795199e-09	-1.2166858673856e-08
8.11123911590399e-08	4.05561955795199e-09	-1.2166858673856e-08
8.11123911590399e-08	1.2166858673856e-08	-1.2166858673856e-08
8.11123911590399e-08	2.027809778976e-08	-1.2166858673856e-08
8.11123911590399e-08	2.83893369056639e-08	-1.2166858673856e-08
8.11123911590399e-08	-2.83893369056639e-08	-4.05561955795199e-09
8.11123911590399e-08	-2.027809778976e-08	-4.05561955795199e-09
8.11123911590399e-08	-1.2166858673856e-08	-4.05561955795199e-09
8.11123911590399e-08	-4.05561955795199e-09	-4.05561955795199e-09
8.11123911590399e-08	4.05561955795199e-09	-4.05561955795199e-09
8.11123911590399e-08	1.2166858673856e-08	-4.05561955795199e-09
8.11123911590399e-08	2.027809778976e-08	-4.05561955795199e-09
8.11123911590399e-08	2.83893369056639e-08	-4.05561955795199e-09
8.11123911590399e-08	-2.83893369056639e-08	4.05561955795199e-09
8.11123911590399e-08	-2.027809778976e-08	4.05561955795199e-09
8.11123911590399e-08	-1.2166858673856e-08	4.05561955795199e-09
8.11123911590399e-08	-4.05561955795199e-09	4.05561955795199e-09
8.11123911590399e-08	4.05561955795199e-09	4.05561955795199e-09
8.11123911590399e-08	1.2166858673856e-08	4.05561955795199e-09
8.11123911590399e-08	2.027809778976e-08	4.05561955795199e-09
8.11123911590399e-08	2.83893369056639e-08	4.05561955795199e-09
8.11123911590399e-08	-2.83893369056639e-08	1.2166858673856e-08
8.11123911590399e-08	-2.027809778976e-08	1.2166858673856e-08
8.11123911590399e-08	-1.2166858673856e-08	1.2166858673856e-08
8.11123911590399e-08	-4.05561955795199e-09	1.2166858673856e-08
8.11123911590399e-08	4.05561955795199e-09	1.2166858673856e-08
8.11123911590399e-08	1.2166858673856e-08	1.2166858673856e-08
8.11123911590399e-08	2.027809778976e-08	1.2166858673856e-08
8.11123911590399e-08	2.83893369056639e-08	1.2166858673856e-08
8.11123911590399e-08	-2.027809778976e-08	2.027809778976e-08
8.11123911590399e-08	-1.2166858673856e-08	2.027809778976e-08
8.11123911590399e-08	-4.05561955795199e-09	2.027809778976e-08
8.11123911590399e-08	4.05561955795199e-09	2.027809778976e-08
8.11123911590399e-08	1.2166858673856e-08	2.027809778976e-08
8.11123911590399e-08	2.027809778976e-08	2.027809778976e-08
8.11123911590399e-08	-1.2166858673856e-08	2.83893369056639e-08
8.11123911590399e-08	-4.05561955795199e-09	2.83893369056639e-08
8.11123911590399e-08	4.05561955795199e-09	2.83893369056639e-08
8.11123911590399e-08	1.2166858673856e-08	2.83893369056639e-08
8.92236302749438e-08	-1.2166858673856e-08	-2.83893369056639e-08
8.92236302749438e-08	-4.05561955795199e-09	-2.83893369056639e-08
8.92236302749438e-08	4.05561955795199e-09	-2.83893369056639e-08
8.92236302749438e-08	1.2166858673856e-08	-2.83893369056639e-08
8.92236302749438e-08	-2.027809778976e-08	-2.027809778976e-08
8.92236302749438e-08	-1.2166858673856e-08	-2.027809778976e-08
8.92236302749438e-08	-4.05561955795199e-09	-2.027809778976e-08
8.92236302749438e-08	4.05561955795199e-09	-2.027809778976e-08
8.92236302749438e-08	1.2166858673856e-08	-2.027809778976e-08
8.92236302749438e-08	2.027809778976e-08	-2.027809778976e-08
8.92236302749438e-08	-2.83893369056639e-08	-1.2166858673856e-08
8.92236302749438e-08	-2.027809778976e-08	-1.2166858673856e-08
8.92236302749438e-08	-1.2166858673856e-08	-1.2166858673856e-08
8.92236302749438e-08	-4.05561955795199e-09	-1.2166858673856e-08
8.92236302749438e-08	4.05561955795199e-09	-1.2166858673856e-08
8.92236302749438e-08	1.2166858673856e-08	-1.2166858673856e-08
8.92236302749438e-08	2.027809778976e-08	-1.2166858673856e-08
8.92236302749438e-08	2.83893369056639e-08	-1.2166858673856e-08
8.92236302749438e-08	-2.83893369056639e-08	-4.05561955795199e-09
8.92236302749438e-08	-2.027809778976e-08	-4.05561955795199e-09
8.92236302749438e-08	-1.2166858673856e-08	-4.05561955795199e-09
8.92236302749438e-08	-4.05561955795199e-09	-4.05561955795199e-09
8.92236302749438e-08	4.05561955795199e-09	-4.05561955795199e-09
8.92236302749438e-08	1.2166858673856e-08	-4.05561955795199e-09
8.92236302749438e-08	2.027809778976e-08	-4.05561955795199e-09
8.92236302749438e-08	2.83893369056639e-08	-4.05561955795199e-09
8.92236302749438e-08	-2.83893369056639e-08	4.05561955795199e-09
8.92236302749438e-08	-2.027809778976e-08	4.05561955795199e-09
8.92236302749438e-08	-1.2166858673856e-08	4.05561955795199e-09
8.92236302749438e-08	-4.05561955795199e-09	4.05561955795199e-09
8.92236302749438e-08	4.05561955795199e-09	4.05561955795199e-09
8.92236302749438e-08	1.2166858673856e-08	4.05561955795199e-09
8.92236302749438e-08	2.027809778976e-08	4.05561955795199e-09
8.92236302749438e-08	2.83893369056639e-08	4.05561955795199e-09
8.92236302749438e-08	-2.83893369056639e-08	1.2166858673856e-08
8.92236302749438e-08	-2.027809778976e-08	1.2166858673856e-08
8.92236302749438e-08	-1.2166858673856e-08	1.2166858673856e-08
8.92236302749438e-08	-4.05561955795199e-09	1.2166858673856e-08
8.92236302749438e-08	4.05561955795199e-09	1.2166858673856e-08
8.92236302749438e-08	1.2166858673856e-08	1.2166858673856e-08
8.92236302749438e-08	2.027809778976e-08	1.2166858673856e-08
8.92236302749438e-08	2.83893369056639e-08	1.2166858673856e-08
8.92236302749438e-08	-2.027809778976e-08	2.027809778976e-08
8.92236302749438e-08	-1.2166858673856e-08	2.027809778976e-08
8.92236302749438e-08	-4.05561955795199e-09	2.027809778976e-08
8.92236302749438e-08	4.05561955795199e-09	2.027809778976e-08
8.92236302749438e-08	1.2166858673856e-08	2.027809778976e-08
8.92236302749438e-08	2.027809778976e-08	2.027809778976e-08
8.92236302749438e-08	-1.2166858673856e-08	2.83893369056639e-08
8.92236302749438e-08	-4.05561955795199e-09	2.83893369056639e-08
8.92236302749438e-08	4.05561955795199e-09	2.83893369056639e-08
8.92236302749438e-08	1.2166858673856e-08	2.83893369056639e-08
9.73348693908478e-08	-1.2166858673856e-08	-2.83893369056639e-08
9.73348693908478e-08	-4.05561955795199e-09	-2.83893369056639e-08
9.73348693908478e-08	4.05561955795199e-09	-2.83893369056639e-08
9.73348693908478e-08	1.2166858673856e-08	-2.83893369056639e-08
9.73348693908478e-08	-2.027809778976e-08	-2.027809778976e-08
9.73348693908478e-08	-1.2166858673856e-08	-2.027809778976e-08
9.73348693908478e-08	-4.05561955795199e-09	-2.027809778976e-08
9.73348693908478e-08	4.05561955795199e-09	-2.027809778976e-08
9.73348693908478e-08	1.2166858673856e-08	-2.027809778976e-08
9.73348693908478e-08	2.027809778976e-08	-2.027809778976e-08
9.73348693908478e-08	-2.83893369056639e-08	-1.2166858673856e-08
9.73348693908478e-08	-2.027809778976e-08	-1.2166858673856e-08
9.73348693908478e-08	-1.2166858673856e-08	-1.2166858673856e-08
9.73348693908478e-08	-4.05561955795199e-09	-1.2166858673856e-08
9.73348693908478e-08	4.05561955795199e-09	-1.2166858673856e-08
9.73348693908478e-08	1.2166858673856e-08	-1.2166858673856e-08
9.73348693908478e-08	2.027809778976e-08	-1.2166858673856e-08
9.73348693908478e-08	2.83893369056639e-08	-1.2166858673856e-08
9.73348693908478e-08	-2.83893369056639e-08	-4.05561955795199e-09
9.73348693908478e-08	-2.027809778976e-08	-4.05561955795199e-09
9.73348693908478e-08	-1.2166858673856e-08	-4.05561955795199e-09
9.73348693908478e-08	-4.05561955795199e-09	-4.05561955795199e-09
9.73348693908478e-08	4.05561955795199e-09	-4.05561955795199e-09
9.73348693908478e-08	1.2166858673856e-08	-4.05561955795199e-09
9.73348693908478e-08	2.027809778976e-08	-4.05561955795199e-09
9.73348693908478e-08	2.83893369056639e-08	-4.05561955795199e-09
9.73348693908478e-08	-2.83893369056639e-08	4.05561955795199e-09
9.73348693908478e-08	-2.027809778976e-08	4.05561955795199e-09
9.73348693908478e-08	-1.2166858673856e-08	4.05561955795199e-09
9.73348693908478e-08	-4.05561955795199e-09	4.05561955795199e-09
9.73348693908478e-08	4.05561955795199e-09	4.05561955795199e-09
9.73348693908478e-08	1.2166858673856e-08	4.05561955795199e-09
9.73348693908478e-08	2.027809778976e-08	4.05561955795199e-09
9.73348693908478e-08	2.83893369056639e-08	4.05561955795199e-09
9.73348693908478e-08	-2.83893369056639e-08	1.2166858673856e-08
9.73348693908478e-08	-2.027809778976e-08	1.2166858673856e-08
9.73348693908478e-08	-1.2166858673856e-08	1.2166858673856e-08
9.73348693908478e-08	-4.05561955795199e-09	1.2166858673856e-08
9.73348693908478e-08	4.05561955795199e-09	1.2166858673856e-08
9.73348693908478e-08	1.2166858673856e-08	1.2166858673856e-08
9.73348693908478e-08	2.027809778976e-08	1.2166858673856e-08
9.73348693908478e-08	2.83893369056639e-08	1.2166858673856e-08
9.73348693908478e-08	-2.027809778976e-08	2.027809778976e-08
9.73348693908478e-08	-1.2166858673856e-08	2.027809778976e-08
9.73348693908478e-08	-4.05561955795199e-09	2.027809778976e-08
9.73348693908478e-08	4.05561955795199e-09	2.027809778976e-08
9.73348693908478e-08	1.2166858673856e-08	2.027809778976e-08
9.73348693908478e-08	2.027809778976e-08	2.027809778976e-08
9.73348693908478e-08	-1.2166858673856e-08	2.83893369056639e-08
9.73348693908478e-08	-4.05561955795199e-09	2.83893369056639e-08
9.73348693908478e-08	4.05561955795199e-09	2.83893369056639e-08
9.73348693908478e-08	1.2166858673856e-08	2.83893369056639e-08
1.05446108506752e-07	-1.2166858673856e-08	-2.83893369056639e-08
1.05446108506752e-07	-4.05561955795199e-09	-2.83893369056639e-08
1.05446108506752e-07	4.05561955795199e-09	-2.83893369056639e-08
1.05446108506752e-07	1.2166858673856e-08	-2.83893369056639e-08
1.05446108506752e-07	-2.027809778976e-08	-2.027809778976e-08
1.05446108506752e-07	-1.2166858673856e-08	-2.027809778976e-08
1.05446108506752e-07	-4.05561955795199e-09	-2.027809778976e-08
1.05446108506752e-07	4.05561955795199e-09	-2.027809778976e-08
1.05446108506752e-07	1.2166858673856e-08	-2.027809778976e-08
1.05446108506752e-07	2.027809778976e-08	-2.027809778976e-08
1.05446108506752e-07	-2.83893369056639e-08	-1.2166858673856e-08
1.05446108506752e-07	-2.027809778976e-08	-1.2166858673856e-08
1.05446108506752e-07	-1.2166858673856e-08	-1.2166858673856e-08
1.05446108506752e-07	-4.05561955795199e-09	-1.2166858673856e-08
1.05446108506752e-07	4.05561955795199e-09	-1.2166858673856e-08
1.05446108506752e-07	1.2166858673856e-08	-1.2166858673856e-08
1.05446108506752e-07	2.027809778976e-08	-1.2166858673856e-08
1.05446108506752e-07	2.83893369056639e-08	-1.2166858673856e-08
1.05446108506752e-07	-2.83893369056639e-08	-4.05561955795199e-09
1.05446108506752e-07	-2.027809778976e-08	-4.05561955795199e-09
1.05446108506752e-07	-1.2166858673856e-08	-4.05561955795199e-09
1.05446108506752e-07	-4.05561955795199e-09	-4.05561955795199e-09
1.05446108506752e-07	4.05561955795199e-09	-4.05561955795199e-09
1.05446108506752e-07	1.2166858673856e-08	-4.05561955795199e-09
1.05446108506752e-07	2.027809778976e-08	-4.05561955795199e-09
1.05446108506752e-07	2.83893369056639e-08	-4.05561955795199e-09
1.05446108506752e-07	-2.83893369056639e-08	4.05561955795199e-09
1.05446108506752e-07	-2.027809778976e-08	4.05561955795199e-09
1.05446108506752e-07	-1.2166858673856e-08	4.05561955795199e-09
1.05446108506752e-07	-4.05561955795199e-09	4.05561955795199e-09
1.05446108506752e-07	4.05561955795199e-09	4.05561955795199e-09
1.05446108506752e-07	1.2166858673856e-08	4.05561955795199e-09
1.05446108506752e-07	2.027809778976e-08	4.05561955795199e-09
1.05446108506752e-07	2.83893369056639e-08	4.05561955795199e-09
1.05446108506752e-07	-2.83893369056639e-08	1.2166858673856e-08
1.05446108506752e-07	-2.027809778976e-08	1.2166858673856e-08
1.05446108506752e-07	-1.2166858673856e-08	1.2166858673856e-08
1.05446108506752e-07	-4.05561955795199e-09	1.2166858673856e-08
1.05446108506752e-07	4.05561955795199e-09	1.2166858673856e-08
1.05446108506752e-07	1.2166858673856e-08	1.2166858673856e-08
1.05446108506752e-07	2.027809778976e-08	1.2166858673856e-08
1.05446108506752e-07	2.83893369056639e-08	1.2166858673856e-08
1.05446108506752e-07	-2.027809778976e-08	2.027809778976e-08
1.05446108506752e-07	-1.2166858673856e-08	2.027809778976e-08
1.05446108506752e-07	-4.05561955795199e-09	2.027809778976e-08
1.05446108506752e-07	4.05561955795199e-09	2.027809778976e-08
1.05446108506752e-07	1.2166858673856e-08	2.027809778976e-08
1.05446108506752e-07	2.027809778976e-08	2.027809778976e-08
1.05446108506752e-07	-1.2166858673856e-08	2.83893369056639e-08
1.05446108506752e-07	-4.05561955795199e-09	2.83893369056639e-08
1.05446108506752e-07	4.05561955795199e-09	2.83893369056639e-08
1.05446108506752e-07	1.2166858673856e-08	2.83893369056639e-08
1.13557347622656e-07	-1.2166858673856e-08	-2.83893369056639e-08
1.13557347622656e-07	-4.05561955795199e-09	-2.83893369056639e-08
1.13557347622656e-07	4.05561955795199e-09	-2.83893369056639e-08
1.13557347622656e-07	1.2166858673856e-08	-2.83893369056639e-08
1.13557347622656e-07	-2.027809778976e-08	-2.027809778976e-08
1.13557347622656e-07	-1.2166858673856e-08	-2.027809778976e-08
1.13557347622656e-07	-4.05561955795199e-09	-2.027809778976e-08
1.13557347622656e-07	4.05561955795199e-09	-2.027809778976e-08
1.13557347622656e-07	1.2166858673856e-08	-2.027809778976e-08
1.13557347622656e-07	2.027809778976e-08	-2.027809778976e-08
1.13557347622656e-07	-2.83893369056639e-08	-1.2166858673856e-08
1.13557347622656e-07	-2.027809778976e-08	-1.2166858673856e-08
1.13557347622656e-07	-1.2166858673856e-08	-1.2166858673856e-08
1.13557347622656e-07	-4.05561955795199e-09	-1.2166858673856e-08
1.13557347622656e-07	4.05561955795199e-09	-1.2166858673856e-08
1.13557347622656e-07	1.2166858673856e-08	-1.2166858673856e-08
1.13557347622656e-07	2.027809778976e-08	-1.2166858673856e-08
1.13557347622656e-07	2.83893369056639e-08	-1.2166858673856e-08
1.13557347622656e-07	-2.83893369056639e-08	-4.05561955795199e-09
1.13557347622656e-07	-2.027809778976e-08	-4.05561955795199e-09
1.13557347622656e-07	-1.2166858673856e-08	-4.05561955795199e-09
1.13557347622656e-07	-4.05561955795199e-09	-4.05561955795199e-09
1.13557347622656e-07	4.05561955795199e-09	-4.05561955795199e-09
1.13557347622656e-07	1.2166858673856e-08	-4.05561955795199e-09
1.13557347622656e-07	2.027809778976e-08	-4.05561955795199e-09
1.13557347622656e-07	2.83893369056639e-08	-4.05561955795199e-09
1.13557347622656e-07	-2.83893369056639e-08	4.05561955795199e-09
1.13557347622656e-07	-2.027809778976e-08	4.05561955795199e-09
1.13557347622656e-07	-1.2166858673856e-08	4.05561955795199e-09
1.13557347622656e-07	-4.05561955795199e-09	4.05561955795199e-09
1.13557347622656e-07	4.05561955795199e-09	4.05561955795199e-09
1.13557347622656e-07	1.2166858673856e-08	4.05561955795199e-09
1.13557347622656e-07	2.027809778976e-08	4.05561955795199e-09
1.13557347622656e-07	2.83893369056639e-08	4.05561955795199e-09
1.13557347622656e-07	-2.83893369056639e-08	1.2166858673856e-08
1.13557347622656e-07	-2.027809778976e-08	1.2166858673856e-08
1.13557347622656e-07	-1.2166858673856e-08	1.2166858673856e-08
1.13557347622656e-07	-4.05561955795199e-09	1.2166858673856e-08
1.13557347622656e-07	4.05561955795199e-09	1.2166858673856e-08
1.13557347622656e-07	1.2166858673856e-08	1.2166858673856e-08
1.13557347622656e-07	2.027809778976e-08	1.2166858673856e-08
1.13557347622656e-07	2.83893369056639e-08	1.2166858673856e-08
1.13557347622656e-07	-2.027809778976e-08	2.027809778976e-08
1.13557347622656e-07	-1.2166858673856e-08	2.027809778976e-08
1.13557347622656e-07	-4.05561955795199e-09	2.027809778976e-08
1.13557347622656e-07	4.05561955795199e-09	2.027809778976e-08
1.13557347622656e-07	1.2166858673856e-08	2.027809778976e-08
1.13557347622656e-07	2.027809778976e-08	2.027809778976e-08
1.13557347622656e-07	-1.2166858673856e-08	2.83893369056639e-08
1.13557347622656e-07	-4.05561955795199e-09	2.83893369056639e-08
1.13557347622656e-07	4.05561955795199e-09	2.83893369056639e-08
1.13557347622656e-07	1.2166858673856e-08	2.83893369056639e-08
1.2166858673856e-07	-1.2166858673856e-08	-2.83893369056639e-08
1.2166858673856e-07	-4.05561955795199e-09	-2.83893369056639e-08
1.2166858673856e-07	4.05561955795199e-09	-2.83893369056639e-08
1.2166858673856e-07	1.2166858673856e-08	-2.83893369056639e-08
1.2166858673856e-07	-2.027809778976e-08	-2.027809778976e-08
1.2166858673856e-07	-1.2166858673856e-08	-2.027809778976e-08
1.2166858673856e-07	-4.05561955795199e-09	-2.027809778976e-08
1.2166858673856e-07	4.05561955795199e-09	-2.027809778976e-08
1.2166858673856e-07	1.2166858673856e-08	-2.027809778976e-08
1.2166858673856e-07	2.027809778976e-08	-2.027809778976e-08
1.2166858673856e-07	-2.83893369056639e-08	-1.2166858673856e-08
1.2166858673856e-07	-2.027809778976e-08	-1.2166858673856e-08
1.2166858673856e-07	-1.2166858673856e-08	-1.2166858673856e-08
1.2166858673856e-07	-4.05561955795199e-09	-1.2166858673856e-08
1.2166858673856e-07	4.05561955795199e-09	-1.2166858673856e-08
1.2166858673856e-07	1.2166858673856e-08	-1.2166858673856e-08
1.2166858673856e-07	2.027809778976e-08	-1.2166858673856e-08
1.2166858673856e-07	2.83893369056639e-08	-1.2166858673856e-08
1.2166858673856e-07	-2.83893369056639e-08	-4.05561955795199e-09
1.2166858673856e-07	-2.027809778976e-08	-4.05561955795199e-09
1.2166858673856e-07	-1.2166858673856e-08	-4.05561955795199e-09
1.2166858673856e-07	-4.05561955795199e-09	-4.05561955795199e-09
1.2166858673856e-07	4.05561955795199e-09	-4.05561955795199e-09
1.2166858673856e-07	1.2166858673856e-08	-4.05561955795199e-09
1.2166858673856e-07	2.027809778976e-08	-4.05561955795199e-09
1.2166858673856e-07	2.83893369056639e-08	-4.05561955795199e-09
1.2166858673856e-07	-2.83893369056639e-08	4.05561955795199e-09
1.2166858673856e-07	-2.027809778976e-08	4.05561955795199e-09
1.2166858673856e-07	-1.2166858673856e-08	4.05561955795199e-09
1.2166858673856e-07	-4.05561955795199e-09	4.05561955795199e-09
1.2166858673856e-07	4.05561955795199e-09	4.05561955795199e-09
1.2166858673856e-07	1.2166858673856e-08	4.05561955795199e-09
1.2166858673856e-07	2.027809778976e-08	4.05561955795199e-09
1.2166858673856e-07	2.83893369056639e-08	4.05561955795199e-09
1.2166858673856e-07	-2.83893369056639e-08	1.2166858673856e-08
1.2166858673856e-07	-2.027809778976e-08	1.2166858673856e-08
1.2166858673856e-07	-1.2166858673856e-08	1.2166858673856e-08
1.2166858673856e-07	-4.05561955795199e-09	1.2166858673856e-08
1.2166858673856e-07	4.05561955795199e-09	1.2166858673856e-08
1.2166858673856e-07	1.2166858673856e-08	1.2166858673856e-08
1.2166858673856e-07	2.027809778976e-08	1.2166858673856e-08
1.2166858673856e-07	2.83893369056639e-08	1.2166858673856e-08
1.2166858673856e-07	-2.027809778976e-08	2.027809778976e-08
1.2166858673856e-07	-1.2166858673856e-08	2.027809778976e-08
1.2166858673856e-07	-4.05561955795199e-09	2.027809778976e-08
1.2166858673856e-07	4.05561955795199e-09	2.027809778976e-08
1.2166858673856e-07	1.2166858673856e-08	2.027809778976e-08
1.2166858673856e-07	2.027809778976e-08	2.027809778976e-08
1.2166858673856e-07	-1.2166858673856e-08	2.83893369056639e-08
1.2166858673856e-07	-4.05561955795199e-09	2.83893369056639e-08
1.2166858673856e-07	4.05561955795199e-09	2.83893369056639e-08
1.2166858673856e-07	1.2166858673856e-08	2.83893369056639e-08
1.29779825854464e-07	-1.2166858673856e-08	-2.83893369056639e-08
1.29779825854464e-07	-4.05561955795199e-09	-2.83893369056639e-08
1.29779825854464e-07	4.05561955795199e-09	-2.83893369056639e-08
1.29779825854464e-07	1.2166858673856e-08	-2.83893369056639e-08
1.29779825854464e-07	-2.027809778976e-08	-2.027809778976e-08
1.29779825854464e-07	-1.2166858673856e-08	-2.027809778976e-08
1.29779825854464e-07	-4.05561955795199e-09	-2.027809778976e-08
1.29779825854464e-07	4.05561955795199e-09	-2.027809778976e-08
1.29779825854464e-07	1.2166858673856e-08	-2.027809778976e-08
1.29779825854464e-07	2.027809778976e-08	-2.027809778976e-08
1.29779825854464e-07	-2.83893369056639e-08	-1.2166858673856e-08
1.29779825854464e-07	-2.027809778976e-08	-1.2166858673856e-08
1.29779825854464e-07	-1.2166858673856e-08	-1.2166858673856e-08
1.29779825854464e-07	-4.05561955795199e-09	-1.2166858673856e-08
1.29779825854464e-07	4.05561955795199e-09	-1.2166858673856e-08
1.29779825854464e-07	1.2166858673856e-08	-1.2166858673856e-08
1.29779825854464e-07	2.027809778976e-08	-1.2166858673856e-08
1.29779825854464e-07	2.83893369056639e-08	-1.2166858673856e-08
1.29779825854464e-07	-2.83893369056639e-08	-4.05561955795199e-09
1.29779825854464e-07	-2.027809778976e-08	-4.05561955795199e-09
1.29779825854464e-07	-1.2166858673856e-08	-4.05561955795199e-09
1.29779825854464e-07	-4.05561955795199e-09	-4.05561955795199e-09
1.29779825854464e-07	4.05561955795199e-09	-4.05561955795199e-09
1.29779825854464e-07	1.2166858673856e-08	-4.05561955795199e-09
1.29779825854464e-07	2.027809778976e-08	-4.05561955795199e-09
1.29779825854464e-07	2.83893369056639e-08	-4.05561955795199e-09
1.29779825854464e-07	-2.83893369056639e-08	4.05561955795199e-09
1.29779825854464e-07	-2.027809778976e-08	4.05561955795199e-09
1.29779825854464e-07	-1.2166858673856e-08	4.05561955795199e-09
1.29779825854464e-07	-4.05561955795199e-09	4.05561955795199e-09
1.29779825854464e-07	4.05561955795199e-09	4.05561955795199e-09
1.29779825854464e-07	1.2166858673856e-08	4.05561955795199e-09
1.29779825854464e-07	2.027809778976e-08	4.05561955795199e-09
1.29779825854464e-07	2.83893369056639e-08	4.05561955795199e-09
1.29779825854464e-07	-2.83893369056639e-08	1.2166858673856e-08
1.29779825854464e-07	-2.027809778976e-08	1.2166858673856e-08
1.29779825854464e-07	-1.2166858673856e-08	1.2166858673856e-08
1.29779825854464e-07	-4.05561955795199e-09	1.2166858673856e-08
1.29779825854464e-07	4.05561955795199e-09	1.2166858673856e-08
1.29779825854464e-07	1.2166858673856e-08	1.2166858673856e-08
1.29779825854464e-07	2.027809778976e-08	1.2166858673856e-08
1.29779825854464e-07	2.83893369056639e-08	1.2166858673856e-08
1.29779825854464e-07	-2.027809778976e-08	2.027809778976e-08
1.29779825854464e-07	-1.2166858673856e-08	2.027809778976e-08
1.29779825854464e-07	-4.05561955795199e-09	2.027809778976e-08
1.29779825854464e-07	4.05561955795199e-09	2.027809778976e-08
1.29779825854464e-07	1.2166858673856e-08	2.027809778976e-08
1.29779825854464e-07	2.027809778976e-08	2.027809778976e-08
1.29779825854464e-07	-1.2166858673856e-08	2.83893369056639e-08
1.29779825854464e-07	-4.05561955795199e-09	2.83893369056639e-08
1.29779825854464e-07	4.05561955795199e-09	2.83893369056639e-08
1.29779825854464e-07	1.2166858673856e-08	2.83893369056639e-08
1.37891064970368e-07	-1.2166858673856e-08	-2.83893369056639e-08
1.37891064970368e-07	-4.05561955795199e-09	-2.83893369056639e-08
1.37891064970368e-07	4.05561955795199e-09	-2.83893369056639e-08
1.37891064970368e-07	1.2166858673856e-08	-2.83893369056639e-08
1.37891064970368e-07	-2.027809778976e-08	-2.027809778976e-08
1.37891064970368e-07	-1.2166858673856e-08	-2.027809778976e-08
1.37891064970368e-07	-4.05561955795199e-09	-2.027809778976e-08
1.37891064970368e-07	4.05561955795199e-09	-2.027809778976e-08
1.37891064970368e-07	1.2166858673856e-08	-2.027809778976e-08
1.37891064970368e-07	2.027809778976e-08	-2.027809778976e-08
1.37891064970368e-07	-2.83893369056639e-08	-1.2166858673856e-08
1.37891064970368e-07	-2.027809778976e-08	-1.2166858673856e-08
1.37891064970368e-07	-1.2166858673856e-08	-1.2166858673856e-08
1.37891064970368e-07	-4.05561955795199e-09	-1.2166858673856e-08
1.37891064970368e-07	4.05561955795199e-09	-1.2166858673856e-08
1.37891064970368e-07	1.2166858673856e-08	-1.2166858673856e-08
1.37891064970368e-07	2.027809778976e-08	-1.2166858673856e-08
1.37891064970368e-07	2.83893369056639e-08	-1.2166858673856e-08
1.37891064970368e-07	-2.83893369056639e-08	-4.05561955795199e-09
1.37891064970368e-07	-2.027809778976e-08	-4.05561955795199e-09
1.37891064970368e-07	-1.2166858673856e-08	-4.05561955795199e-09
1.37891064970368e-07	-4.05561955795199e-09	-4.05561955795199e-09
1.37891064970368e-07	4.05561955795199e-09	-4.05561955795199e-09
1.37891064970368e-07	1.2166858673856e-08	-4.05561955795199e-09
1.37891064970368e-07	2.027809778976e-08	-4.05561955795199e-09
1.37891064970368e-07	2.83893369056639e-08	-4.05561955795199e-09
1.37891064970368e-07	-2.83893369056639e-08	4.05561955795199e-09
1.37891064970368e-07	-2.027809778976e-08	4.05561955795199e-09
1.37891064970368e-07	-1.2166858673856e-08	4.05561955795199e-09
1.37891064970368e-07	-4.05561955795199e-09	4.05561955795199e-09
1.37891064970368e-07	4.05561955795199e-09	4.05561955795199e-09
1.37891064970368e-07	1.2166858673856e-08	4.05561955795199e-09
1.37891064970368e-07	2.027809778976e-08	4.05561955795199e-09
1.37891064970368e-07	2.83893369056639e-08	4.05561955795199e-09
1.37891064970368e-07	-2.83893369056639e-08	1.2166858673856e-08
1.37891064970368e-07	-2.027809778976e-08	1.2166858673856e-08
1.37891064970368e-07	-1.2166858673856e-08	1.2166858673856e-08
1.37891064970368e-07	-4.05561955795199e-09	1.2166858673856e-08
1.37891064970368e-07	4.05561955795199e-09	1.2166858673856e-08
1.37891064970368e-07	1.2166858673856e-08	1.2166858673856e-08
1.37891064970368e-07	2.027809778976e-08	1.2166858673856e-08
1.37891064970368e-07	2.83893369056639e-08	1.2166858673856e-08
1.37891064970368e-07	-2.027809778976e-08	2.027809778976e-08
1.37891064970368e-07	-1.2166858673856e-08	2.027809778976e-08
1.37891064970368e-07	-4.05561955795199e-09	2.027809778976e-08
1.37891064970368e-07	4.05561955795199e-09	2.027809778976e-08
1.37891064970368e-07	1.2166858673856e-08	2.027809778976e-08
1.37891064970368e-07	2.027809778976e-08	2.027809778976e-08
1.37891064970368e-07	-1.2166858673856e-08	2.83893369056639e-08
1.37891064970368e-07	-4.05561955795199e-09	2.83893369056639e-08
1.37891064970368e-07	4.05561955795199e-09	2.83893369056639e-08
1.37891064970368e-07	1.2166858673856e-08	2.83893369056639e-08
1.46002304086272e-07	-1.2166858673856e-08	-2.83893369056639e-08
1.46002304086272e-07	-4.05561955795199e-09	-2.83893369056639e-08
1.46002304086272e-07	4.05561955795199e-09	-2.83893369056639e-08
1.46002304086272e-07	1.2166858673856e-08	-2.83893369056639e-08
1.46002304086272e-07	-2.027809778976e-08	-2.027809778976e-08
1.46002304086272e-07	-1.2166858673856e-08	-2.027809778976e-08
1.46002304086272e-07	-4.05561955795199e-09	-2.027809778976e-08
1.46002304086272e-07	4.05561955795199e-09	-2.027809778976e-08
1.46002304086272e-07	1.2166858673856e-08	-2.027809778976e-08
1.46002304086272e-07	2.027809778976e-08	-2.027809778976e-08
1.46002304086272e-07	-2.83893369056639e-08	-1.2166858673856e-08
1.46002304086272e-07	-2.027809778976e-08	-1.2166858673856e-08
1.46002304086272e-07	-1.2166858673856e-08	-1.2166858673856e-08
1.46002304086272e-07	-4.05561955795199e-09	-1.2166858673856e-08
1.46002304086272e-07	4.05561955795199e-09	-1.2166858673856e-08
1.46002304086272e-07	1.2166858673856e-08	-1.2166858673856e-08
1.46002304086272e-07	2.027809778976e-08	-1.2166858673856e-08
1.46002304086272e-07	2.83893369056639e-08	-1.2166858673856e-08
1.46002304086272e-07	-2.83893369056639e-08	-4.05561955795199e-09
1.46002304086272e-07	-2.027809778976e-08	-4.05561955795199e-09
1.46002304086272e-07	-1.2166858673856e-08	-4.05561955795199e-09
1.46002304086272e-07	-4.05561955795199e-09	-4.05561955795199e-09
1.46002304086272e-07	4.05561955795199e-09	-4.05561955795199e-09
1.46002304086272e-07	1.2166858673856e-08	-4.05561955795199e-09
1.46002304086272e-07	2.027809778976e-08	-4.05561955795199e-09
1.46002304086272e-07	2.83893369056639e-08	-4.05561955795199e-09
1.46002304086272e-07	-2.83893369056639e-08	4.05561955795199e-09
1.46002304086272e-07	-2.027809778976e-08	4.05561955795199e-09
1.46002304086272e-07	-1.2166858673856e-08	4.05561955795199e-09
1.46002304086272e-07	-4.05561955795199e-09	4.05561955795199e-09
1.46002304086272e-07	4.05561955795199e-09	4.05561955795199e-09
1.46002304086272e-07	1.2166858673856e-08	4.05561955795199e-09
1.46002304086272e-07	2.027809778976e-08	4.05561955795199e-09
1.46002304086272e-07	2.83893369056639e-08	4.05561955795199e-09
1.46002304086272e-07	-2.83893369056639e-08	1.2166858673856e-08
1.46002304086272e-07	-2.027809778976e-08	1.2166858673856e-08
1.46002304086272e-07	-1.2166858673856e-08	1.2166858673856e-08
1.46002304086272e-07	-4.05561955795199e-09	1.2166858673856e-08
1.46002304086272e-07	4.05561955795199e-09	1.2166858673856e-08
1.46002304086272e-07	1.2166858673856e-08	1.2166858673856e-08
1.46002304086272e-07	2.027809778976e-08	1.2166858673856e-08
1.46002304086272e-07	2.83893369056639e-08	1.2166858673856e-08
1.46002304086272e-07	-2.027809778976e-08	2.027809778976e-08
1.46002304086272e-07	-1.2166858673856e-08	2.027809778976e-08
1.46002304086272e-07	-4.05561955795199e-09	2.027809778976e-08
1.46002304086272e-07	4.05561955795199e-09	2.027809778976e-08
1.46002304086272e-07	1.2166858673856e-08	2.027809778976e-08
1.46002304086272e-07	2.027809778976e-08	2.027809778976e-08
1.46002304086272e-07	-1.2166858673856e-08	2.83893369056639e-08
1.46002304086272e-07	-4.05561955795199e-09	2.83893369056639e-08
1.46002304086272e-07	4.05561955795199e-09	2.83893369056639e-08
1.46002304086272e-07	1.2166858673856e-08	2.83893369056639e-08
1.54113543202176e-07	-1.2166858673856e-08	-2.83893369056639e-08
1.54113543202176e-07	-4.05561955795199e-09	-2.83893369056639e-08
1.54113543202176e-07	4.05561955795199e-09	-2.83893369056639e-08
1.54113543202176e-07	1.2166858673856e-08	-2.83893369056639e-08
1.54113543202176e-07	-2.027809778976e-08	-2.027809778976e-08
1.54113543202176e-07	-1.2166858673856e-08	-2.027809778976e-08
1.54113543202176e-07	-4.05561955795199e-09	-2.027809778976e-08
1.54113543202176e-07	4.05561955795199e-09	-2.027809778976e-08
1.54113543202176e-07	1.2166858673856e-08	-2.027809778976e-08
1.54113543202176e-07	2.027809778976e-08	-2.027809778976e-08
1.54113543202176e-07	-2.83893369056639e-08	-1.2166858673856e-08
1.54113543202176e-07	-2.027809778976e-08	-1.2166858673856e-08
1.54113543202176e-07	-1.2166858673856e-08	-1.2166858673856e-08
1.54113543202176e-07	-4.05561955795199e-09	-1.2166858673856e-08
1.54113543202176e-07	4.05561955795199e-09	-1.2166858673856e-08
1.54113543202176e-07	1.2166858673856e-08	-1.2166858673856e-08
1.54113543202176e-07	2.027809778976e-08	-1.2166858673856e-08
1.54113543202176e-07	2.83893369056639e-08	-1.2166858673856e-08
1.54113543202176e-07	-2.83893369056639e-08	-4.05561955795199e-09
1.54113543202176e-07	-2.027809778976e-08	-4.05561955795199e-09
1.54113543202176e-07	-1.2166858673856e-08	-4.05561955795199e-09
1.54113543202176e-07	-4.05561955795199e-09	-4.05561955795199e-09
1.54113543202176e-07	4.05561955795199e-09	-4.05561955795199e-09
1.54113543202176e-07	1.2166858673856e-08	-4.05561955795199e-09
1.54113543202176e-07	2.027809778976e-08	-4.05561955795199e-09
1.54113543202176e-07	2.83893369056639e-08	-4.05561955795199e-09
1.54113543202176e-07	-2.83893369056639e-08	4.05561955795199e-09
1.54113543202176e-07	-2.027809778976e-08	4.05561955795199e-09
1.54113543202176e-07	-1.2166858673856e-08	4.05561955795199e-09
1.54113543202176e-07	-4.05561955795199e-09	4.05561955795199e-09
1.54113543202176e-07	4.05561955795199e-09	4.05561955795199e-09
1.54113543202176e-07	1.2166858673856e-08	4.05561955795199e-09
1.54113543202176e-07	2.027809778976e-08	4.05561955795199e-09
1.54113543202176e-07	2.83893369056639e-08	4.05561955795199e-09
1.54113543202176e-07	-2.83893369056639e-08	1.2166858673856e-08
1.54113543202176e-07	-2.027809778976e-08	1.2166858673856e-08
1.54113543202176e-07	-1.2166858673856e-08	1.2166858673856e-08
1.54113543202176e-07	-4.05561955795199e-09	1.2166858673856e-08
1.54113543202176e-07	4.05561955795199e-09	1.2166858673856e-08
1.54113543202176e-07	1.2166858673856e-08	1.2166858673856e-08
1.54113543202176e-07	2.027809778976e-08	1.2166858673856e-08
1.54113543202176e-07	2.83893369056639e-08	1.2166858673856e-08
1.54113543202176e-07	-2.027809778976e-08	2.027809778976e-08
1.54113543202176e-07	-1.2166858673856e-08	2.027809778976e-08
1.54113543202176e-07	-4.05561955795199e-09	2.027809778976e-08
1.54113543202176e-07	4.05561955795199e-09	2.027809778976e-08
1.54113543202176e-07	1.2166858673856e-08	2.027809778976e-08
1.54113543202176e-07	2.027809778976e-08	2.027809778976e-08
1.54113543202176e-07	-1.2166858673856e-08	2.83893369056639e-08
1.54113543202176e-07	-4.05561955795199e-09	2.83893369056639e-08
1.54113543202176e-07	4.05561955795199e-09	2.83893369056639e-08
1.54113543202176e-07	1.2166858673856e-08	2.83893369056639e-08
1.6222478231808e-07	-1.2166858673856e-08	-2.83893369056639e-08
1.6222478231808e-07	-4.05561955795199e-09	-2.83893369056639e-08
1.6222478231808e-07	4.05561955795199e-09	-2.83893369056639e-08
1.6222478231808e-07	1.2166858673856e-08	-2.83893369056639e-08
1.6222478231808e-07	-2.027809778976e-08	-2.027809778976e-08
1.6222478231808e-07	-1.2166858673856e-08	-2.027809778976e-08
1.6222478231808e-07	-4.05561955795199e-09	-2.027809778976e-08
1.6222478231808e-07	4.05561955795199e-09	-2.027809778976e-08
1.6222478231808e-07	1.2166858673856e-08	-2.027809778976e-08
1.6222478231808e-07	2.027809778976e-08	-2.027809778976e-08
1.6222478231808e-07	-2.83893369056639e-08	-1.2166858673856e-08
1.6222478231808e-07	-2.027809778976e-08	-1.2166858673856e-08
1.6222478231808e-07	-1.2166858673856e-08	-1.2166858673856e-08
1.6222478231808e-07	-4.05561955795199e-09	-1.2166858673856e-08
1.6222478231808e-07	4.05561955795199e-09	-1.2166858673856e-08
1.6222478231808e-07	1.2166858673856e-08	-1.2166858673856e-08
1.6222478231808e-07	2.027809778976e-08	-1.2166858673856e-08
1.6222478231808e-07	2.83893369056639e-08	-1.2166858673856e-08
1.6222478231808e-07	-2.83893369056639e-08	-4.05561955795199e-09
1.6222478231808e-07	-2.027809778976e-08	-4.05561955795199e-09
1.6222478231808e-07	-1.2166858673856e-08	-4.05561955795199e-09
1.6222478231808e-07	-4.05561955795199e-09	-4.05561955795199e-09
1.6222478231808e-07	4.05561955795199e-09	-4.05561955795199e-09
1.6222478231808e-07	1.2166858673856e-08	-4.05561955795199e-09
1.6222478231808e-07	2.027809778976e-08	-4.05561955795199e-09
1.6222478231808e-07	2.83893369056639e-08	-4.05561955795199e-09
1.6222478231808e-07	-2.83893369056639e-08	4.05561955795199e-09
1.6222478231808e-07	-2.027809778976e-08	4.05561955795199e-09
1.6222478231808e-07	-1.2166858673856e-08	4.05561955795199e-09
1.6222478231808e-07	-4.05561955795199e-09	4.05561955795199e-09
1.6222478231808e-07	4.05561955795199e-09	4.05561955795199e-09
1.6222478231808e-07	1.2166858673856e-08	4.05561955795199e-09
1.6222478231808e-07	2.027809778976e-08	4.05561955795199e-09
1.6222478231808e-07	2.83893369056639e-08	4.05561955795199e-09
1.6222478231808e-07	-2.83893369056639e-08	1.2166858673856e-08
1.6222478231808e-07	-2.027809778976e-08	1.2166858673856e-08
1.6222478231808e-07	-1.2166858673856e-08	1.2166858673856e-08
1.6222478231808e-07	-4.05561955795199e-09	1.2166858673856e-08
1.6222478231808e-07	4.05561955795199e-09	1.2166858673856e-08
1.6222478231808e-07	1.2166858673856e-08	1.2166858673856e-08
1.6222478231808e-07	2.027809778976e-08	1.2166858673856e-08
1.6222478231808e-07	2.83893369056639e-08	1.2166858673856e-08
1.6222478231808e-07	-2.027809778976e-08	2.027809778976e-08
1.6222478231808e-07	-1.2166858673856e-08	2.027809778976e-08
1.6222478231808e-07	-4.05561955795199e-09	2.027809778976e-08
1.6222478231808e-07	4.05561955795199e-09	2.027809778976e-08
1.6222478231808e-07	1.2166858673856e-08	2.027809778976e-08
1.6222478231808e-07	2.027809778976e-08	2.027809778976e-08
1.6222478231808e-07	-1.2166858673856e-08	2.83893369056639e-08
1.6222478231808e-07	-4.05561955795199e-09	2.83893369056639e-08
1.6222478231808e-07	4.05561955795199e-09	2.83893369056639e-08
1.6222478231808e-07	1.2166858673856e-08	2.83893369056639e-08
1.70336021433984e-07	-1.2166858673856e-08	-2.83893369056639e-08
1.70336021433984e-07	-4.05561955795199e-09	-2.83893369056639e-08
1.70336021433984e-07	4.05561955795199e-09	-2.83893369056639e-08
1.70336021433984e-07	1.2166858673856e-08	-2.83893369056639e-08
1.70336021433984e-07	-2.027809778976e-08	-2.027809778976e-08
1.70336021433984e-07	-1.2166858673856e-08	-2.027809778976e-08
1.70336021433984e-07	-4.05561955795199e-09	-2.027809778976e-08
1.70336021433984e-07	4.05561955795199e-09	-2.027809778976e-08
1.70336021433984e-07	1.2166858673856e-08	-2.027809778976e-08
1.70336021433984e-07	2.027809778976e-08	-2.027809778976e-08
1.70336021433984e-07	-2.83893369056639e-08	-1.2166858673856e-08
1.70336021433984e-07	-2.027809778976e-08	-1.2166858673856e-08
1.70336021433984e-07	-1.2166858673856e-08	-1.2166858673856e-08
1.70336021433984e-07	-4.05561955795199e-09	-1.2166858673856e-08
1.70336021433984e-07	4.05561955795199e-09	-1.2166858673856e-08
1.70336021433984e-07	1.2166858673856e-08	-1.2166858673856e-08
1.70336021433984e-07	2.027809778976e-08	-1.2166858673856e-08
1.70336021433984e-07	2.83893369056639e-08	-1.2166858673856e-08
1.70336021433984e-07	-2.83893369056639e-08	-4.05561955795199e-09
1.70336021433984e-07	-2.027809778976e-08	-4.05561955795199e-09
1.70336021433984e-07	-1.2166858673856e-08	-4.05561955795199e-09
1.70336021433984e-07	-4.05561955795199e-09	-4.05561955795199e-09
1.70336021433984e-07	4.05561955795199e-09	-4.05561955795199e-09
1.70336021433984e-07	1.2166858673856e-08	-4.05561955795199e-09
1.70336021433984e-07	2.027809778976e-08	-4.05561955795199e-09
1.70336021433984e-07	2.83893369056639e-08	-4.05561955795199e-09
1.70336021433984e-07	-2.83893369056639e-08	4.05561955795199e-09
1.70336021433984e-07	-2.027809778976e-08	4.05561955795199e-09
1.70336021433984e-07	-1.2166858673856e-08	4.05561955795199e-09
1.70336021433984e-07	-4.05561955795199e-09	4.05561955795199e-09
1.70336021433984e-07	4.05561955795199e-09	4.05561955795199e-09
1.70336021433984e-07	1.2166858673856e-08	4.05561955795199e-09
1.70336021433984e-07	2.027809778976e-08	4.05561955795199e-09
1.70336021433984e-07	2.83893369056639e-08	4.05561955795199e-09
1.70336021433984e-07	-2.83893369056639e-08	1.2166858673856e-08
1.70336021433984e-07	-2.027809778976e-08	1.2166858673856e-08
1.70336021433984e-07	-1.2166858673856e-08	1.2166858673856e-08
1.70336021433984e-07	-4.05561955795199e-09	1.2166858673856e-08
1.70336021433984e-07	4.05561955795199e-09	1.2166858673856e-08
1.70336021433984e-07	1.2166858673856e-08	1.2166858673856e-08
1.70336021433984e-07	2.027809778976e-08	1.2166858673856e-08
1.70336021433984e-07	2.83893369056639e-08	1.2166858673856e-08
1.70336021433984e-07	-2.027809778976e-08	2.027809778976e-08
1.70336021433984e-07	-1.2166858673856e-08	2.027809778976e-08
1.70336021433984e-07	-4.05561955795199e-09	2.027809778976e-08
1.70336021433984e-07	4.05561955795199e-09	2.027809778976e-08
1.70336021433984e-07	1.2166858673856e-08	2.027809778976e-08
1.70336021433984e-07	2.027809778976e-08	2.027809778976e-08
1.70336021433984e-07	-1.2166858673856e-08	2.83893369056639e-08
1.70336021433984e-07	-4.05561955795199e-09	2.83893369056639e-08
1.70336021433984e-07	4.05561955795199e-09	2.83893369056639e-08
1.70336021433984e-07	1.2166858673856e-08	2.83893369056639e-08
1.78447260549888e-07	-1.2166858673856e-08	-2.83893369056639e-08
1.78447260549888e-07	-4.05561955795199e-09	-2.83893369056639e-08
1.78447260549888e-07	4.05561955795199e-09	-2.83893369056639e-08
1.78447260549888e-07	1.2166858673856e-08	-2.83893369056639e-08
1.78447260549888e-07	-2.027809778976e-08	-2.027809778976e-08
1.78447260549888e-07	-1.2166858673856e-08	-2.027809778976e-08
1.78447260549888e-07	-4.05561955795199e-09	-2.027809778976e-08
1.78447260549888e-07	4.05561955795199e-09	-2.027809778976e-08
1.78447260549888e-07	1.2166858673856e-08	-2.027809778976e-08
1.78447260549888e-07	2.027809778976e-08	-2.027809778976e-08
1.78447260549888e-07	-2.83893369056639e-08	-1.2166858673856e-08
1.78447260549888e-07	-2.027809778976e-08	-1.2166858673856e-08
1.78447260549888e-07	-1.2166858673856e-08	-1.2166858673856e-08
1.78447260549888e-07	-4.05561955795199e-09	-1.2166858673856e-08
1.78447260549888e-07	4.05561955795199e-09	-1.2166858673856e-08
1.78447260549888e-07	1.2166858673856e-08	-1.2166858673856e-08
1.78447260549888e-07	2.027809778976e-08	-1.2166858673856e-08
1.78447260549888e-07	2.83893369056639e-08	-1.2166858673856e-08
1.78447260549888e-07	-2.83893369056639e-08	-4.05561955795199e-09
1.78447260549888e-07	-2.027809778976e-08	-4.05561955795199e-09
1.78447260549888e-07	-1.2166858673856e-08	-4.05561955795199e-09
1.78447260549888e-07	-4.05561955795199e-09	-4.05561955795199e-09
1.78447260549888e-07	4.05561955795199e-09	-4.05561955795199e-09
1.78447260549888e-07	1.2166858673856e-08	-4.05561955795199e-09
1.78447260549888e-07	2.027809778976e-08	-4.05561955795199e-09
1.78447260549888e-07	2.83893369056639e-08	-4.05561955795199e-09
1.78447260549888e-07	-2.83893369056639e-08	4.05561955795199e-09
1.78447260549888e-07	-2.027809778976e-08	4.05561955795199e-09
1.78447260549888e-07	-1.2166858673856e-08	4.05561955795199e-09
1.78447260549888e-07	-4.05561955795199e-09	4.05561955795199e-09
1.78447260549888e-07	4.05561955795199e-09	4.05561955795199e-09
1.78447260549888e-07	1.2166858673856e-08	4.05561955795199e-09
1.78447260549888e-07	2.027809778976e-08	4.05561955795199e-09
1.78447260549888e-07	2.83893369056639e-08	4.05561955795199e-09
1.78447260549888e-07	-2.83893369056639e-08	1.2166858673856e-08
1.78447260549888e-07	-2.027809778976e-08	1.2166858673856e-08
1.78447260549888e-07	-1.2166858673856e-08	1.2166858673856e-08
1.78447260549888e-07	-4.05561955795199e-09	1.2166858673856e-08
1.78447260549888e-07	4.05561955795199e-09	1.2166858673856e-08
1.78447260549888e-07	1.2166858673856e-08	1.2166858673856e-08
1.78447260549888e-07	2.027809778976e-08	1.2166858673856e-08
1.78447260549888e-07	2.83893369056639e-08	1.2166858673856e-08
1.78447260549888e-07	-2.027809778976e-08	2.027809778976e-08
1.78447260549888e-07	-1.2166858673856e-08	2.027809778976e-08
1.78447260549888e-07	-4.05561955795199e-09	2.027809778976e-08
1.78447260549888e-07	4.05561955795199e-09	2.027809778976e-08
1.78447260549888e-07	1.2166858673856e-08	2.027809778976e-08
1.78447260549888e-07	2.027809778976e-08	2.027809778976e-08
1.78447260549888e-07	-1.2166858673856e-08	2.83893369056639e-08
1.78447260549888e-07	-4.05561955795199e-09	2.83893369056639e-08
1.78447260549888e-07	4.05561955795199e-09	2.83893369056639e-08
1.78447260549888e-07	1.2166858673856e-08	2.83893369056639e-08
1.86558499665792e-07	-1.2166858673856e-08	-2.83893369056639e-08
1.86558499665792e-07	-4.05561955795199e-09	-2.83893369056639e-08
1.86558499665792e-07	4.05561955795199e-09	-2.83893369056639e-08
1.86558499665792e-07	1.2166858673856e-08	-2.83893369056639e-08
1.86558499665792e-07	-2.027809778976e-08	-2.027809778976e-08
1.86558499665792e-07	-1.2166858673856e-08	-2.027809778976e-08
1.86558499665792e-07	-4.05561955795199e-09	-2.027809778976e-08
1.86558499665792e-07	4.05561955795199e-09	-2.027809778976e-08
1.86558499665792e-07	1.2166858673856e-08	-2.027809778976e-08
1.86558499665792e-07	2.027809778976e-08	-2.027809778976e-08
1.86558499665792e-07	-2.83893369056639e-08	-1.2166858673856e-08
1.86558499665792e-07	-2.027809778976e-08	-1.2166858673856e-08
1.86558499665792e-07	-1.2166858673856e-08	-1.2166858673856e-08
1.86558499665792e-07	-4.05561955795199e-09	-1.2166858673856e-08
1.86558499665792e-07	4.05561955795199e-09	-1.2166858673856e-08
1.86558499665792e-07	1.2166858673856e-08	-1.2166858673856e-08
1.86558499665792e-07	2.027809778976e-08	-1.2166858673856e-08
1.86558499665792e-07	2.83893369056639e-08	-1.2166858673856e-08
1.86558499665792e-07	-2.83893369056639e-08	-4.05561955795199e-09
1.86558499665792e-07	-2.027809778976e-08	-4.05561955795199e-09
1.86558499665792e-07	-1.2166858673856e-08	-4.05561955795199e-09
1.86558499665792e-07	-4.05561955795199e-09	-4.05561955795199e-09
1.86558499665792e-07	4.05561955795199e-09	-4.05561955795199e-09
1.86558499665792e-07	1.2166858673856e-08	-4.05561955795199e-09
1.86558499665792e-07	2.027809778976e-08	-4.05561955795199e-09
1.86558499665792e-07	2.83893369056639e-08	-4.05561955795199e-09
1.86558499665792e-07	-2.83893369056639e-08	4.05561955795199e-09
1.86558499665792e-07	-2.027809778976e-08	4.05561955795199e-09
1.86558499665792e-07	-1.2166858673856e-08	4.05561955795199e-09
1.86558499665792e-07	-4.05561955795199e-09	4.05561955795199e-09
1.86558499665792e-07	4.05561955795199e-09	4.05561955795199e-09
1.86558499665792e-07	1.2166858673856e-08	4.05561955795199e-09
1.86558499665792e-07	2.027809778976e-08	4.05561955795199e-09
1.86558499665792e-07	2.83893369056639e-08	4.05561955795199e-09
1.86558499665792e-07	-2.83893369056639e-08	1.2166858673856e-08
1.86558499665792e-07	-2.027809778976e-08	1.2166858673856e-08
1.86558499665792e-07	-1.2166858673856e-08	1.2166858673856e-08
1.86558499665792e-07	-4.05561955795199e-09	1.2166858673856e-08
1.86558499665792e-07	4.05561955795199e-09	1.2166858673856e-08
1.86558499665792e-07	1.2166858673856e-08	1.2166858673856e-08
1.86558499665792e-07	2.027809778976e-08	1.2166858673856e-08
1.86558499665792e-07	2.83893369056639e-08	1.2166858673856e-08
1.86558499665792e-07	-2.027809778976e-08	2.027809778976e-08
1.86558499665792e-07	-1.2166858673856e-08	2.027809778976e-08
1.86558499665792e-07	-4.05561955795199e-09	2.027809778976e-08
1.86558499665792e-07	4.05561955795199e-09	2.027809778976e-08
1.86558499665792e-07	1.2166858673856e-08	2.027809778976e-08
1.86558499665792e-07	2.027809778976e-08	2.027809778976e-08
1.86558499665792e-07	-1.2166858673856e-08	2.83893369056639e-08
1.86558499665792e-07	-4.05561955795199e-09	2.83893369056639e-08
1.86558499665792e-07	4.05561955795199e-09	2.83893369056639e-08
1.86558499665792e-07	1.2166858673856e-08	2.83893369056639e-08
1.94669738781696e-07	-1.2166858673856e-08	-2.83893369056639e-08
1.94669738781696e-07	-4.05561955795199e-09	-2.83893369056639e-08
1.94669738781696e-07	4.05561955795199e-09	-2.83893369056639e-08
1.94669738781696e-07	1.2166858673856e-08	-2.83893369056639e-08
1.94669738781696e-07	-2.027809778976e-08	-2.027809778976e-08
1.94669738781696e-07	-1.2166858673856e-08	-2.027809778976e-08
1.94669738781696e-07	-4.05561955795199e-09	-2.027809778976e-08
1.94669738781696e-07	4.05561955795199e-09	-2.027809778976e-08
1.94669738781696e-07	1.2166858673856e-08	-2.027809778976e-08
1.94669738781696e-07	2.027809778976e-08	-2.027809778976e-08
1.94669738781696e-07	-2.83893369056639e-08	-1.2166858673856e-08
1.94669738781696e-07	-2.027809778976e-08	-1.2166858673856e-08
1.94669738781696e-07	-1.2166858673856e-08	-1.2166858673856e-08
1.94669738781696e-07	-4.05561955795199e-09	-1.2166858673856e-08
1.94669738781696e-07	4.05561955795199e-09	-1.2166858673856e-08
1.94669738781696e-07	1.2166858673856e-08	-1.2166858673856e-08
1.94669738781696e-07	2.027809778976e-08	-1.2166858673856e-08
1.94669738781696e-07	2.83893369056639e-08	-1.2166858673856e-08
1.94669738781696e-07	-2.83893369056639e-08	-4.05561955795199e-09
1.94669738781696e-07	-2.027809778976e-08	-4.05561955795199e-09
1.94669738781696e-07	-1.2166858673856e-08	-4.05561955795199e-09
1.94669738781696e-07	-4.05561955795199e-09	-4.05561955795199e-09
1.94669738781696e-07	4.05561955795199e-09	-4.05561955795199e-09
1.94669738781696e-07	1.2166858673856e-08	-4.05561955795199e-09
1.94669738781696e-07	2.027809778976e-08	-4.05561955795199e-09
1.94669738781696e-07	2.83893369056639e-08	-4.05561955795199e-09
1.94669738781696e-07	-2.83893369056639e-08	4.05561955795199e-09
1.94669738781696e-07	-2.027809778976e-08	4.05561955795199e-09
1.94669738781696e-07	-1.2166858673856e-08	4.05561955795199e-09
1.94669738781696e-07	-4.05561955795199e-09	4.05561955795199e-09
1.94669738781696e-07	4.05561955795199e-09	4.05561955795199e-09
1.94669738781696e-07	1.2166858673856e-08	4.05561955795199e-09
1.94669738781696e-07	2.027809778976e-08	4.05561955795199e-09
1.94669738781696e-07	2.83893369056639e-08	4.05561955795199e-09
1.94669738781696e-07	-2.83893369056639e-08	1.2166858673856e-08
1.94669738781696e-07	-2.027809778976e-08	1.2166858673856e-08
1.94669738781696e-07	-1.2166858673856e-08	1.2166858673856e-08
1.94669738781696e-07	-4.05561955795199e-09	1.2166858673856e-08
1.94669738781696e-07	4.05561955795199e-09	1.2166858673856e-08
1.94669738781696e-07	1.2166858673856e-08	1.2166858673856e-08
1.94669738781696e-07	2.027809778976e-08	1.2166858673856e-08
1.94669738781696e-07	2.83893369056639e-08	1.2166858673856e-08
1.94669738781696e-07	-2.027809778976e-08	2.027809778976e-08
1.94669738781696e-07	-1.2166858673856e-08	2.027809778976e-08
1.94669738781696e-07	-4.05561955795199e-09	2.027809778976e-08
1.94669738781696e-07	4.05561955795199e-09	2.027809778976e-08
1.94669738781696e-07	1.2166858673856e-08	2.027809778976e-08
1.94669738781696e-07	2.027809778976e-08	2.027809778976e-08
1.94669738781696e-07	-1.2166858673856e-08	2.83893369056639e-08
1.94669738781696e-07	-4.05561955795199e-09	2.83893369056639e-08
1.94669738781696e-07	4.05561955795199e-09	2.83893369056639e-08
1.94669738781696e-07	1.2166858673856e-08	2.83893369056639e-08
2.027809778976e-07	-1.2166858673856e-08	-2.83893369056639e-08
2.027809778976e-07	-4.05561955795199e-09	-2.83893369056639e-08
2.027809778976e-07	4.05561955795199e-09	-2.83893369056639e-08
2.027809778976e-07	1.2166858673856e-08	-2.83893369056639e-08
2.027809778976e-07	-2.027809778976e-08	-2.027809778976e-08
2.027809778976e-07	-1.2166858673856e-08	-2.027809778976e-08
2.027809778976e-07	-4.05561955795199e-09	-2.027809778976e-08
2.027809778976e-07	4.05561955795199e-09	-2.027809778976e-08
2.027809778976e-07	1.2166858673856e-08	-2.027809778976e-08
2.027809778976e-07	2.027809778976e-08	-2.027809778976e-08
2.027809778976e-07	-2.83893369056639e-08	-1.2166858673856e-08
2.027809778976e-07	-2.027809778976e-08	-1.2166858673856e-08
2.027809778976e-07	-1.2166858673856e-08	-1.2166858673856e-08
2.027809778976e-07	-4.05561955795199e-09	-1.2166858673856e-08
2.027809778976e-07	4.05561955795199e-09	-1.2166858673856e-08
2.027809778976e-07	1.2166858673856e-08	-1.2166858673856e-08
2.027809778976e-07	2.027809778976e-08	-1.2166858673856e-08
2.027809778976e-07	2.83893369056639e-08	-1.2166858673856e-08
2.027809778976e-07	-2.83893369056639e-08	-4.05561955795199e-09
2.027809778976e-07	-2.027809778976e-08	-4.05561955795199e-09
2.027809778976e-07	-1.2166858673856e-08	-4.05561955795199e-09
2.027809778976e-07	-4.05561955795199e-09	-4.05561955795199e-09
2.027809778976e-07	4.05561955795199e-09	-4.05561955795199e-09
2.027809778976e-07	1.2166858673856e-08	-4.05561955795199e-09
2.027809778976e-07	2.027809778976e-08	-4.05561955795199e-09
2.027809778976e-07	2.83893369056639e-08	-4.05561955795199e-09
2.027809778976e-07	-2.83893369056639e-08	4.05561955795199e-09
2.027809778976e-07	-2.027809778976e-08	4.05561955795199e-09
2.027809778976e-07	-1.2166858673856e-08	4.05561955795199e-09
2.027809778976e-07	-4.05561955795199e-09	4.05561955795199e-09
2.027809778976e-07	4.05561955795199e-09	4.05561955795199e-09
2.027809778976e-07	1.2166858673856e-08	4.05561955795199e-09
2.027809778976e-07	2.027809778976e-08	4.05561955795199e-09
2.027809778976e-07	2.83893369056639e-08	4.05561955795199e-09
2.027809778976e-07	-2.83893369056639e-08	1.2166858673856e-08
2.027809778976e-07	-2.027809778976e-08	1.2166858673856e-08
2.027809778976e-07	-1.2166858673856e-08	1.2166858673856e-08
2.027809778976e-07	-4.05561955795199e-09	1.2166858673856e-08
2.027809778976e-07	4.05561955795199e-09	1.2166858673856e-08
2.027809778976e-07	1.2166858673856e-08	1.2166858673856e-08
2.027809778976e-07	2.027809778976e-08	1.2166858673856e-08
2.027809778976e-07	2.83893369056639e-08	1.2166858673856e-08
2.027809778976e-07	-2.027809778976e-08	2.027809778976e-08
2.027809778976e-07	-1.2166858673856e-08	2.027809778976e-08
2.027809778976e-07	-4.05561955795199e-09	2.027809778976e-08
2.027809778976e-07	4.05561955795199e-09	2.027809778976e-08
2.027809778976e-07	1.2166858673856e-08	2.027809778976e-08
2.027809778976e-07	2.027809778976e-08	2.027809778976e-08
2.027809778976e-07	-1.2166858673856e-08	2.83893369056639e-08
2.027809778976e-07	-4.05561955795199e-09	2.83893369056639e-08
2.027809778976e-07	4.05561955795199e-09	2.83893369056639e-08
2.027809778976e-07	1.2166858673856e-08	2.83893369056639e-08
